dx8		dy8		dx9		dy9
0.016	-0.001	1.016	-2.001	
-0.317	0.133	0.683	-1.867	
-0.571	0.326	0.429	-1.674	
-0.750	0.536	0.250	-1.464	
-0.871	0.740	0.129	-1.260	
-0.949	0.927	0.051	-1.073	
-0.998	1.092	0.002	-0.908	
-1.026	1.235	-0.026	-0.765	
-1.040	1.356	-0.040	-0.644	
-1.047	1.459	-0.047	-0.541	
-1.048	1.546	-0.048	-0.454	
-1.046	1.619	-0.046	-0.381	
-1.043	1.680	-0.043	-0.320	
-1.039	1.732	-0.039	-0.268	
-1.035	1.775	-0.035	-0.225	
-1.030	1.811	-0.030	-0.189	
-1.026	1.842	-0.026	-0.158	
-1.023	1.867	-0.023	-0.133	
-1.019	1.888	-0.019	-0.112	
-1.017	1.906	-0.017	-0.094	
-1.014	1.921	-0.014	-0.079	
-1.012	1.934	-0.012	-0.066	
-1.010	1.944	-0.010	-0.056	
-1.007	1.964	-0.007	-0.036	
-1.006	1.970	-0.006	-0.030	
-1.005	1.975	-0.005	-0.025	
-1.004	1.979	-0.004	-0.021	
