dx19		dy19		dx20		dy20
-0.011	0.015	9.989	29.015	
0.195	-0.591	10.195	28.409	
0.267	-1.227	10.267	27.773	
0.244	-1.867	10.244	27.133	
0.154	-2.500	10.154	26.500	
0.019	-3.126	10.019	25.874	
-0.147	-3.744	9.853	25.256	
-0.335	-4.356	9.665	24.644	
-0.537	-4.963	9.463	24.037	
-0.750	-5.567	9.250	23.433	
-0.970	-6.168	9.030	22.832	
-1.195	-6.767	8.805	22.233	
-1.423	-7.365	8.577	21.635	
-1.654	-7.962	8.346	21.038	
-1.886	-8.558	8.114	20.442	
-2.120	-9.154	7.880	19.846	
-2.590	-10.344	7.410	18.656	
-2.826	-10.939	7.174	18.061	
-3.062	-11.534	6.938	17.466	
-3.298	-12.129	6.702	16.871	
-3.534	-12.724	6.466	16.276	
-3.771	-13.319	6.229	15.681	
-4.007	-13.913	5.993	15.087	
-4.243	-14.508	5.757	14.492	
-4.479	-15.103	5.521	13.897	
-4.716	-15.698	5.284	13.302	
-4.952	-16.293	5.048	12.707	
-5.188	-16.887	4.812	12.113	
-5.424	-17.482	4.576	11.518	
-5.661	-18.077	4.339	10.923	
-5.897	-18.672	4.103	10.328	
-6.133	-19.267	3.867	9.733	
-6.370	-19.861	3.630	9.139	
-6.606	-20.456	3.394	8.544	
-6.842	-21.051	3.158	7.949	
-7.078	-21.646	2.922	7.354	
-7.315	-22.241	2.685	6.759	
-7.551	-22.835	2.449	6.165	
-7.787	-23.430	2.213	5.570	
-8.024	-24.025	1.976	4.975	
-8.260	-24.620	1.740	4.380	
-8.732	-25.809	1.268	3.191	
-8.935	-26.320	1.065	2.680	
-9.106	-26.749	0.894	2.251	
-9.249	-27.109	0.751	1.891	
-9.369	-27.411	0.631	1.589	
-9.470	-27.666	0.530	1.334	
-9.555	-27.879	0.445	1.121	
-9.626	-28.058	0.374	0.942	
-9.686	-28.209	0.314	0.791	
-9.736	-28.336	0.264	0.664	
-9.778	-28.442	0.222	0.558	
-9.814	-28.531	0.186	0.469	
-9.844	-28.606	0.156	0.394	
-9.869	-28.669	0.131	0.331	
-9.890	-28.722	0.110	0.278	
-9.907	-28.767	0.093	0.233	
-9.922	-28.804	0.078	0.196	
-9.935	-28.835	0.065	0.165	
-9.945	-28.862	0.055	0.138	
-9.954	-28.884	0.046	0.116	
-9.961	-28.902	0.039	0.098	
-9.967	-28.918	0.033	0.082	
-9.973	-28.931	0.027	0.069	
-9.977	-28.942	0.023	0.058	
-9.984	-28.961	0.016	0.039	
-9.987	-28.968	0.013	0.032	
-9.990	-28.975	0.010	0.025	
-9.992	-28.979	0.008	0.021	
