dx2		dy2		dx3		dy3
0.019	-0.004	8.019	-9.004	
-0.572	0.242	7.428	-8.758	
-1.119	0.574	6.881	-8.426	
-1.626	0.964	6.374	-8.036	
-2.102	1.392	5.898	-7.608	
-2.552	1.847	5.448	-7.153	
-2.984	2.320	5.016	-6.680	
-3.400	2.806	4.600	-6.194	
-3.806	3.301	4.194	-5.699	
-4.203	3.803	3.797	-5.197	
-4.594	4.309	3.406	-4.691	
-5.359	5.336	2.641	-3.664	
-5.737	5.852	2.263	-3.148	
-6.102	6.354	1.898	-2.646	
-6.408	6.776	1.592	-2.224	
-6.664	7.131	1.336	-1.869	
-6.878	7.429	1.122	-1.571	
-7.059	7.680	0.941	-1.320	
-7.210	7.891	0.790	-1.109	
-7.336	8.068	0.664	-0.932	
-7.443	8.217	0.557	-0.783	
-7.532	8.342	0.468	-0.658	
-7.607	8.447	0.393	-0.553	
-7.670	8.536	0.330	-0.464	
-7.723	8.610	0.277	-0.390	
-7.767	8.672	0.233	-0.328	
-7.804	8.725	0.196	-0.275	
-7.836	8.769	0.164	-0.231	
-7.862	8.806	0.138	-0.194	
-7.884	8.837	0.116	-0.163	
-7.903	8.863	0.097	-0.137	
-7.918	8.885	0.082	-0.115	
-7.931	8.903	0.069	-0.097	
-7.942	8.919	0.058	-0.081	
-7.952	8.932	0.048	-0.068	
-7.969	8.956	0.031	-0.044	
-7.974	8.963	0.026	-0.037	
-7.978	8.969	0.022	-0.031	
-7.981	8.974	0.019	-0.026	
-7.984	8.978	0.016	-0.022	
-7.987	8.981	0.013	-0.019	
