dx7		dy7		dx8		dy8
0.015	-0.003	17.015	-1.003	
-0.617	0.099	16.383	-0.901	
-1.252	0.180	15.748	-0.820	
-1.888	0.246	15.112	-0.754	
-2.526	0.301	14.474	-0.699	
-3.164	0.348	13.836	-0.652	
-3.803	0.390	13.197	-0.610	
-4.442	0.428	12.558	-0.572	
-5.081	0.463	11.919	-0.537	
-5.720	0.496	11.280	-0.504	
-6.359	0.527	10.641	-0.473	
-6.998	0.558	10.002	-0.442	
-7.638	0.588	9.362	-0.412	
-8.277	0.617	8.723	-0.383	
-8.916	0.646	8.084	-0.354	
-9.556	0.675	7.444	-0.325	
-10.195	0.703	6.805	-0.297	
-10.835	0.731	6.165	-0.269	
-11.474	0.759	5.526	-0.241	
-12.113	0.787	4.887	-0.213	
-12.753	0.815	4.247	-0.185	
-13.392	0.843	3.608	-0.157	
-13.969	0.868	3.031	-0.132	
-14.454	0.890	2.546	-0.110	
-14.862	0.907	2.138	-0.093	
-15.611	0.940	1.389	-0.060	
-15.833	0.949	1.167	-0.051	
-16.020	0.958	0.980	-0.042	
-16.177	0.964	0.823	-0.036	
-16.308	0.970	0.692	-0.030	
-16.419	0.975	0.581	-0.025	
-16.512	0.979	0.488	-0.021	
-16.590	0.982	0.410	-0.018	
-16.656	0.985	0.344	-0.015	
-16.711	0.987	0.289	-0.013	
-16.757	0.989	0.243	-0.011	
-16.796	0.991	0.204	-0.009	
-16.829	0.993	0.171	-0.007	
-16.856	0.994	0.144	-0.006	
-16.879	0.995	0.121	-0.005	
-16.898	0.996	0.102	-0.004	
-16.915	0.996	0.085	-0.004	
-16.928	0.997	0.072	-0.003	
-16.940	0.997	0.060	-0.003	
-16.949	0.998	0.051	-0.002	
-16.958	0.998	0.042	-0.002	
-16.964	0.998	0.036	-0.002	
-16.971	0.999	0.029	-0.001	
-16.980	0.999	0.020	-0.001	
