dx10		dy10		dx11		dy11
0.006	-0.018	1.006	1.982	
-0.307	0.151	0.693	2.151	
-0.668	0.127	0.332	2.127	
-0.970	-0.038	0.030	1.962	
-1.180	-0.271	-0.180	1.729	
-1.305	-0.519	-0.305	1.481	
-1.366	-0.754	-0.366	1.246	
-1.382	-0.961	-0.382	1.039	
-1.372	-1.138	-0.372	0.862	
-1.346	-1.286	-0.346	0.714	
-1.314	-1.409	-0.314	0.591	
-1.279	-1.510	-0.279	0.490	
-1.244	-1.593	-0.244	0.407	
-1.212	-1.662	-0.212	0.338	
-1.183	-1.719	-0.183	0.281	
-1.156	-1.765	-0.156	0.235	
-1.133	-1.804	-0.133	0.196	
-1.114	-1.836	-0.114	0.164	
-1.096	-1.863	-0.096	0.137	
-1.081	-1.886	-0.081	0.114	
-1.069	-1.904	-0.069	0.096	
-1.058	-1.920	-0.058	0.080	
-1.049	-1.933	-0.049	0.067	
-1.040	-1.946	-0.040	0.054	
-1.034	-1.954	-0.034	0.046	
-1.022	-1.970	-0.022	0.030	
-1.018	-1.975	-0.018	0.025	
-1.015	-1.979	-0.015	0.021	
-1.013	-1.982	-0.013	0.018	
