dx14		dy14		dx15		dy15
-0.010	-0.015	7.990	-29.015	
0.189	0.594	8.189	-28.406	
0.269	1.229	8.269	-27.771	
0.264	1.869	8.264	-27.131	
0.200	2.505	8.200	-26.495	
0.095	3.137	8.095	-25.863	
-0.037	3.763	7.963	-25.237	
-0.189	4.385	7.811	-24.615	
-0.354	5.003	7.646	-23.997	
-0.529	5.619	7.471	-23.381	
-0.710	6.232	7.290	-22.768	
-0.896	6.845	7.104	-22.155	
-1.084	7.456	6.916	-21.544	
-1.275	8.067	6.725	-20.933	
-1.468	8.678	6.532	-20.322	
-1.661	9.288	6.339	-19.712	
-1.856	9.898	6.144	-19.102	
-2.246	11.116	5.754	-17.884	
-2.442	11.726	5.558	-17.274	
-2.638	12.335	5.362	-16.665	
-2.834	12.944	5.166	-16.056	
-3.030	13.554	4.970	-15.446	
-3.226	14.163	4.774	-14.837	
-3.422	14.772	4.578	-14.228	
-3.618	15.381	4.382	-13.619	
-3.814	15.991	4.186	-13.009	
-4.010	16.600	3.990	-12.400	
-4.206	17.209	3.794	-11.791	
-4.402	17.818	3.598	-11.182	
-4.598	18.428	3.402	-10.572	
-4.794	19.037	3.206	-9.963	
-4.990	19.646	3.010	-9.354	
-5.186	20.255	2.814	-8.745	
-5.382	20.865	2.618	-8.135	
-5.578	21.474	2.422	-7.526	
-5.774	22.083	2.226	-6.917	
-5.970	22.692	2.030	-6.308	
-6.166	23.301	1.834	-5.699	
-6.362	23.911	1.638	-5.089	
-6.558	24.520	1.442	-4.480	
-6.754	25.129	1.246	-3.871	
-7.146	26.348	0.854	-2.652	
-7.283	26.772	0.717	-2.228	
-7.398	27.128	0.602	-1.872	
-7.494	27.428	0.506	-1.572	
-7.575	27.679	0.425	-1.321	
-7.643	27.891	0.357	-1.109	
-7.700	28.068	0.300	-0.932	
-7.748	28.217	0.252	-0.783	
-7.788	28.343	0.212	-0.657	
-7.822	28.448	0.178	-0.552	
-7.851	28.536	0.149	-0.464	
-7.875	28.610	0.125	-0.390	
-7.895	28.673	0.105	-0.327	
-7.912	28.725	0.088	-0.275	
-7.926	28.769	0.074	-0.231	
-7.938	28.806	0.062	-0.194	
-7.948	28.837	0.052	-0.163	
-7.956	28.863	0.044	-0.137	
-7.963	28.885	0.037	-0.115	
-7.969	28.903	0.031	-0.097	
-7.974	28.919	0.026	-0.081	
-7.978	28.932	0.022	-0.068	
-7.982	28.943	0.018	-0.057	
-7.985	28.952	0.015	-0.048	
-7.987	28.960	0.013	-0.040	
-7.992	28.974	0.008	-0.026	
-7.993	28.978	0.007	-0.022	
