dx12		dy12		dx13		dy13
0.005	0.014	1.005	2.014	
-0.135	-0.318	0.865	1.682	
-0.260	-0.593	0.740	1.407	
-0.369	-0.823	0.631	1.177	
-0.464	-1.015	0.536	0.985	
-0.545	-1.175	0.455	0.825	
-0.615	-1.308	0.385	0.692	
-0.675	-1.420	0.325	0.580	
-0.725	-1.513	0.275	0.487	
-0.768	-1.592	0.232	0.408	
-0.805	-1.657	0.195	0.343	
-0.836	-1.712	0.164	0.288	
-0.862	-1.759	0.138	0.241	
-0.884	-1.797	0.116	0.203	
-0.902	-1.830	0.098	0.170	
-0.918	-1.857	0.082	0.143	
-0.931	-1.880	0.069	0.120	
-0.942	-1.899	0.058	0.101	
-0.951	-1.915	0.049	0.085	
-0.959	-1.929	0.041	0.071	
-0.965	-1.940	0.035	0.060	
-0.971	-1.950	0.029	0.050	
-0.976	-1.958	0.024	0.042	
-0.980	-1.965	0.020	0.035	
-0.987	-1.977	0.013	0.023	
-0.989	-1.981	0.011	0.019	
