dx1		dy1		dx2		dy2
0.018	0.006	1.018	0.006	
-0.141	-0.028	0.859	-0.028	
-0.277	-0.046	0.723	-0.046	
-0.393	-0.054	0.607	-0.054	
-0.490	-0.056	0.510	-0.056	
-0.572	-0.054	0.428	-0.054	
-0.641	-0.050	0.359	-0.050	
-0.710	-0.044	0.290	-0.044	
-0.814	-0.031	0.186	-0.031	
-0.844	-0.027	0.156	-0.027	
-0.869	-0.023	0.131	-0.023	
-0.890	-0.019	0.110	-0.019	
-0.908	-0.017	0.092	-0.017	
-0.922	-0.014	0.078	-0.014	
-0.935	-0.012	0.065	-0.012	
-0.945	-0.010	0.055	-0.010	
-0.954	-0.008	0.046	-0.008	
-0.961	-0.007	0.039	-0.007	
-0.968	-0.006	0.032	-0.006	
-0.973	-0.005	0.027	-0.005	
-0.977	-0.004	0.023	-0.004	
