dx16		dy16		dx17		dy17
-0.011	0.015	9.989	29.015	
0.195	-0.591	10.195	28.409	
0.267	-1.226	10.267	27.774	
0.244	-1.866	10.244	27.134	
0.154	-2.500	10.154	26.500	
0.019	-3.125	10.019	25.875	
-0.147	-3.743	9.853	25.257	
-0.335	-4.355	9.665	24.645	
-0.538	-4.962	9.462	24.038	
-0.750	-5.566	9.250	23.434	
-0.970	-6.167	9.030	22.833	
-1.195	-6.766	8.805	22.234	
-1.424	-7.364	8.576	21.636	
-1.654	-7.961	8.346	21.039	
-1.887	-8.557	8.113	20.443	
-2.120	-9.153	7.880	19.847	
-2.591	-10.344	7.409	18.656	
-2.826	-10.939	7.174	18.061	
-3.062	-11.533	6.938	17.467	
-3.298	-12.128	6.702	16.872	
-3.535	-12.723	6.465	16.277	
-3.771	-13.318	6.229	15.682	
-4.007	-13.913	5.993	15.087	
-4.243	-14.508	5.757	14.492	
-4.479	-15.102	5.521	13.898	
-4.716	-15.697	5.284	13.303	
-4.952	-16.292	5.048	12.708	
-5.188	-16.887	4.812	12.113	
-5.424	-17.482	4.576	11.518	
-5.661	-18.076	4.339	10.924	
-5.897	-18.671	4.103	10.329	
-6.133	-19.266	3.867	9.734	
-6.369	-19.861	3.631	9.139	
-6.606	-20.456	3.394	8.544	
-6.842	-21.050	3.158	7.950	
-7.078	-21.645	2.922	7.355	
-7.315	-22.240	2.685	6.760	
-7.551	-22.835	2.449	6.165	
-7.787	-23.430	2.213	5.570	
-8.023	-24.024	1.977	4.976	
-8.496	-25.214	1.504	3.786	
-8.732	-25.809	1.268	3.191	
-8.935	-26.319	1.065	2.681	
-9.105	-26.748	0.895	2.252	
-9.249	-27.109	0.751	1.891	
-9.369	-27.411	0.631	1.589	
-9.470	-27.665	0.530	1.335	
-9.555	-27.879	0.445	1.121	
-9.626	-28.058	0.374	0.942	
-9.686	-28.209	0.314	0.791	
-9.736	-28.336	0.264	0.664	
-9.778	-28.442	0.222	0.558	
-9.814	-28.531	0.186	0.469	
-9.844	-28.606	0.156	0.394	
-9.869	-28.669	0.131	0.331	
-9.890	-28.722	0.110	0.278	
-9.907	-28.767	0.093	0.233	
-9.922	-28.804	0.078	0.196	
-9.935	-28.835	0.065	0.165	
-9.945	-28.862	0.055	0.138	
-9.954	-28.884	0.046	0.116	
-9.961	-28.902	0.039	0.098	
-9.967	-28.918	0.033	0.082	
-9.978	-28.944	0.022	0.056	
-9.982	-28.955	0.018	0.045	
-9.985	-28.962	0.015	0.038	
-9.987	-28.968	0.013	0.032	
-9.989	-28.973	0.011	0.027	
-9.991	-28.978	0.009	0.022	
-9.993	-28.981	0.007	0.019	
