dx13		dy13		dx14		dy14
0.009	0.016	1.009	-1.984	
-0.324	-0.109	0.676	-2.109	
-0.674	-0.053	0.326	-2.053	
-0.956	0.124	0.044	-1.876	
-1.148	0.355	-0.148	-1.645	
-1.261	0.593	-0.261	-1.407	
-1.316	0.816	-0.316	-1.184	
-1.332	1.011	-0.332	-0.989	
-1.324	1.178	-0.324	-0.822	
-1.303	1.318	-0.303	-0.682	
-1.275	1.434	-0.275	-0.566	
-1.244	1.530	-0.244	-0.470	
-1.214	1.609	-0.214	-0.391	
-1.186	1.675	-0.186	-0.325	
-1.160	1.729	-0.160	-0.271	
-1.138	1.774	-0.138	-0.226	
-1.117	1.811	-0.117	-0.189	
-1.100	1.842	-0.100	-0.158	
-1.085	1.868	-0.085	-0.132	
-1.072	1.889	-0.072	-0.111	
-1.061	1.907	-0.061	-0.093	
-1.051	1.922	-0.051	-0.078	
-1.043	1.935	-0.043	-0.065	
-1.028	1.958	-0.028	-0.042	
-1.024	1.965	-0.024	-0.035	
-1.020	1.970	-0.020	-0.030	
-1.017	1.975	-0.017	-0.025	
-1.014	1.979	-0.014	-0.021	
-1.012	1.982	-0.012	-0.018	
