dx5		dy5		dx6		dy6
0.001	0.015	1.001	1.015	
-0.064	-0.203	0.936	0.797	
-0.153	-0.378	0.847	0.622	
-0.251	-0.515	0.749	0.485	
-0.348	-0.620	0.652	0.380	
-0.437	-0.701	0.563	0.299	
-0.518	-0.763	0.482	0.237	
-0.590	-0.811	0.410	0.189	
-0.652	-0.848	0.348	0.152	
-0.705	-0.877	0.295	0.123	
-0.751	-0.900	0.249	0.100	
-0.790	-0.918	0.210	0.082	
-0.823	-0.933	0.177	0.067	
-0.851	-0.945	0.149	0.055	
-0.874	-0.954	0.126	0.046	
-0.894	-0.962	0.106	0.038	
-0.911	-0.969	0.089	0.031	
-0.925	-0.974	0.075	0.026	
-0.937	-0.978	0.063	0.022	
-0.947	-0.982	0.053	0.018	
-0.956	-0.985	0.044	0.015	
-0.963	-0.987	0.037	0.013	
-0.969	-0.989	0.031	0.011	
-0.974	-0.991	0.026	0.009	
