dx9		dy9		dx10		dy10
-0.003	-0.018	8.997	-29.018	
0.015	0.622	9.015	-28.378	
-0.036	1.260	8.964	-27.740	
-0.134	1.892	8.866	-27.108	
-0.265	2.519	8.735	-26.481	
-0.418	3.140	8.582	-25.860	
-0.587	3.757	8.413	-25.243	
-0.766	4.372	8.234	-24.628	
-0.954	4.984	8.046	-24.016	
-1.146	5.594	7.854	-23.406	
-1.342	6.203	7.658	-22.797	
-1.540	6.812	7.460	-22.188	
-1.740	7.420	7.260	-21.580	
-1.942	8.027	7.058	-20.973	
-2.144	8.634	6.856	-20.366	
-2.347	9.241	6.653	-19.759	
-2.550	9.848	6.450	-19.152	
-2.754	10.455	6.246	-18.545	
-2.958	11.062	6.042	-17.938	
-3.162	11.668	5.838	-17.332	
-3.366	12.275	5.634	-16.725	
-3.774	13.488	5.226	-15.512	
-3.979	14.094	5.021	-14.906	
-4.183	14.701	4.817	-14.299	
-4.387	15.307	4.613	-13.693	
-4.592	15.914	4.408	-13.086	
-4.796	16.521	4.204	-12.479	
-5.000	17.127	4.000	-11.873	
-5.205	17.734	3.795	-11.266	
-5.409	18.340	3.591	-10.660	
-5.613	18.947	3.387	-10.053	
-5.818	19.553	3.182	-9.447	
-6.022	20.160	2.978	-8.840	
-6.226	20.766	2.774	-8.234	
-6.430	21.373	2.570	-7.627	
-6.635	21.979	2.365	-7.021	
-6.839	22.586	2.161	-6.414	
-7.043	23.192	1.957	-5.808	
-7.248	23.799	1.752	-5.201	
-7.452	24.405	1.548	-4.595	
-7.656	25.012	1.344	-3.988	
-7.861	25.618	1.139	-3.382	
-8.043	26.159	0.957	-2.841	
-8.196	26.614	0.804	-2.386	
-8.478	27.450	0.522	-1.550	
-8.561	27.698	0.439	-1.302	
-8.632	27.906	0.368	-1.094	
-8.691	28.081	0.309	-0.919	
-8.740	28.228	0.260	-0.772	
-8.782	28.352	0.218	-0.648	
-8.817	28.456	0.183	-0.544	
-8.846	28.543	0.154	-0.457	
-8.871	28.616	0.129	-0.384	
-8.891	28.677	0.109	-0.323	
-8.909	28.729	0.091	-0.271	
-8.923	28.772	0.077	-0.228	
-8.936	28.809	0.064	-0.191	
-8.946	28.839	0.054	-0.161	
-8.955	28.865	0.045	-0.135	
-8.962	28.887	0.038	-0.113	
-8.968	28.905	0.032	-0.095	
-8.973	28.920	0.027	-0.080	
-8.977	28.933	0.023	-0.067	
-8.981	28.944	0.019	-0.056	
-8.984	28.953	0.016	-0.047	
-8.987	28.960	0.013	-0.040	
-8.989	28.967	0.011	-0.033	
-8.992	28.977	0.008	-0.023	
