dx3		dy3		dx4		dy4
0.011	-0.016	-7.989	-8.016	
-0.097	0.615	-8.097	-7.385	
-0.000	1.248	-8.000	-6.752	
0.238	1.842	-7.762	-6.158	
0.571	2.389	-7.429	-5.611	
0.967	2.891	-7.033	-5.109	
1.406	3.357	-6.594	-4.643	
1.874	3.794	-6.126	-4.206	
2.362	4.207	-5.638	-3.793	
2.865	4.603	-5.135	-3.397	
3.378	4.986	-4.622	-3.014	
3.898	5.358	-4.102	-2.642	
4.425	5.722	-3.575	-2.278	
4.955	6.080	-3.045	-1.920	
5.436	6.397	-2.564	-1.603	
5.842	6.661	-2.158	-1.339	
6.184	6.880	-1.816	-1.120	
6.528	7.096	-1.472	-0.904	
7.053	7.422	-0.947	-0.578	
7.204	7.515	-0.796	-0.485	
7.331	7.593	-0.669	-0.407	
7.438	7.659	-0.562	-0.341	
7.528	7.713	-0.472	-0.287	
7.603	7.759	-0.397	-0.241	
7.667	7.798	-0.333	-0.202	
7.720	7.830	-0.280	-0.170	
7.765	7.858	-0.235	-0.142	
7.802	7.880	-0.198	-0.120	
7.834	7.900	-0.166	-0.100	
7.861	7.916	-0.139	-0.084	
7.883	7.929	-0.117	-0.071	
7.902	7.940	-0.098	-0.060	
7.917	7.950	-0.083	-0.050	
7.931	7.958	-0.069	-0.042	
7.942	7.965	-0.058	-0.035	
7.951	7.970	-0.049	-0.030	
7.959	7.975	-0.041	-0.025	
7.965	7.979	-0.035	-0.021	
7.971	7.982	-0.029	-0.018	
7.976	7.985	-0.024	-0.015	
7.980	7.988	-0.020	-0.012	
