dx0		dy0		dx1		dy1
0.000	0.019	1.000	1.019	
-0.056	-0.203	0.944	0.797	
-0.142	-0.381	0.858	0.619	
-0.238	-0.520	0.762	0.480	
-0.335	-0.627	0.665	0.373	
-0.426	-0.709	0.574	0.291	
-0.508	-0.771	0.492	0.229	
-0.656	-0.861	0.344	0.139	
-0.709	-0.888	0.291	0.112	
-0.754	-0.909	0.246	0.091	
-0.793	-0.926	0.207	0.074	
-0.825	-0.939	0.175	0.061	
-0.853	-0.950	0.147	0.050	
-0.876	-0.959	0.124	0.041	
-0.896	-0.966	0.104	0.034	
-0.912	-0.972	0.088	0.028	
-0.926	-0.976	0.074	0.024	
-0.938	-0.980	0.062	0.020	
-0.948	-0.984	0.052	0.016	
-0.956	-0.986	0.044	0.014	
-0.963	-0.988	0.037	0.012	
-0.969	-0.990	0.031	0.010	
-0.974	-0.992	0.026	0.008	
-0.978	-0.993	0.022	0.007	
