dx15		dy15		dx16		dy16
0.006	-0.019	1.006	1.981	
-0.305	0.153	0.695	2.153	
-0.667	0.132	0.333	2.132	
-0.971	-0.032	0.029	1.968	
-1.182	-0.265	-0.182	1.735	
-1.308	-0.514	-0.308	1.486	
-1.369	-0.749	-0.369	1.251	
-1.386	-0.957	-0.386	1.043	
-1.375	-1.135	-0.375	0.865	
-1.349	-1.284	-0.349	0.716	
-1.316	-1.407	-0.316	0.593	
-1.281	-1.508	-0.281	0.492	
-1.246	-1.592	-0.246	0.408	
-1.214	-1.661	-0.214	0.339	
-1.184	-1.718	-0.184	0.282	
-1.158	-1.765	-0.158	0.235	
-1.135	-1.804	-0.135	0.196	
-1.114	-1.836	-0.114	0.164	
-1.097	-1.863	-0.097	0.137	
-1.082	-1.885	-0.082	0.115	
-1.069	-1.904	-0.069	0.096	
-1.059	-1.920	-0.059	0.080	
-1.038	-1.948	-0.038	0.052	
-1.032	-1.956	-0.032	0.044	
-1.027	-1.963	-0.027	0.037	
-1.023	-1.969	-0.023	0.031	
-1.019	-1.974	-0.019	0.026	
-1.016	-1.978	-0.016	0.022	
-1.014	-1.982	-0.014	0.018	
