dx4		dy4		dx5		dy5
-0.014	-0.008	-2.014	15.992	
0.623	-0.068	-1.377	15.932	
1.173	-0.396	-0.827	15.604	
1.594	-0.877	-0.406	15.123	
1.900	-1.440	-0.100	14.560	
2.114	-2.043	0.114	13.957	
2.259	-2.666	0.259	13.334	
2.354	-3.299	0.354	12.701	
2.414	-3.936	0.414	12.064	
2.447	-4.575	0.447	11.425	
2.462	-5.215	0.462	10.785	
2.463	-5.855	0.463	10.145	
2.454	-6.495	0.454	9.505	
2.439	-7.135	0.439	8.865	
2.418	-7.775	0.418	8.225	
2.393	-8.414	0.393	7.586	
2.366	-9.054	0.366	6.946	
2.337	-9.693	0.337	6.307	
2.306	-10.332	0.306	5.668	
2.274	-10.971	0.274	5.029	
2.241	-11.611	0.241	4.389	
2.207	-12.250	0.207	3.750	
2.175	-12.850	0.175	3.150	
2.148	-13.354	0.148	2.646	
2.120	-13.858	0.120	2.142	
2.078	-14.624	0.078	1.376	
2.065	-14.844	0.065	1.156	
2.055	-15.029	0.055	0.971	
2.046	-15.184	0.046	0.816	
2.039	-15.315	0.039	0.685	
2.033	-15.425	0.033	0.575	
2.027	-15.517	0.027	0.483	
2.023	-15.594	0.023	0.406	
2.019	-15.659	0.019	0.341	
2.016	-15.714	0.016	0.286	
2.014	-15.759	0.014	0.241	
2.012	-15.798	0.012	0.202	
2.010	-15.830	0.010	0.170	
2.008	-15.857	0.008	0.143	
2.007	-15.880	0.007	0.120	
2.006	-15.899	0.006	0.101	
2.005	-15.915	0.005	0.085	
2.004	-15.929	0.004	0.071	
2.003	-15.940	0.003	0.060	
2.003	-15.950	0.003	0.050	
2.002	-15.958	0.002	0.042	
2.002	-15.965	0.002	0.035	
2.002	-15.970	0.002	0.030	
2.001	-15.981	0.001	0.019	
