dx11		dy11		dx12		dy12
-0.011	0.015	8.989	27.015	
0.196	-0.591	9.196	26.409	
0.271	-1.226	9.271	25.774	
0.252	-1.866	9.252	25.134	
0.166	-2.500	9.166	24.500	
0.035	-3.127	9.035	23.873	
-0.126	-3.746	8.874	23.254	
-0.310	-4.359	8.690	22.641	
-0.508	-4.968	8.492	22.032	
-0.716	-5.573	8.284	21.427	
-0.932	-6.176	8.068	20.824	
-1.152	-6.776	7.848	20.224	
-1.377	-7.376	7.623	19.624	
-1.603	-7.974	7.397	19.026	
-1.831	-8.572	7.169	18.428	
-2.061	-9.170	6.939	17.830	
-2.291	-9.767	6.709	17.233	
-2.522	-10.364	6.478	16.636	
-2.754	-10.960	6.246	16.040	
-3.217	-12.153	5.783	14.847	
-3.449	-12.750	5.551	14.250	
-3.682	-13.346	5.318	13.654	
-3.914	-13.943	5.086	13.057	
-4.146	-14.539	4.854	12.461	
-4.378	-15.135	4.622	11.865	
-4.611	-15.732	4.389	11.268	
-4.843	-16.328	4.157	10.672	
-5.075	-16.924	3.925	10.076	
-5.307	-17.521	3.693	9.479	
-5.540	-18.117	3.460	8.883	
-5.772	-18.714	3.228	8.286	
-6.004	-19.310	2.996	7.690	
-6.237	-19.906	2.763	7.094	
-6.469	-20.503	2.531	6.497	
-6.701	-21.099	2.299	5.901	
-6.934	-21.695	2.066	5.305	
-7.166	-22.292	1.834	4.708	
-7.398	-22.888	1.602	4.112	
-7.630	-23.484	1.370	3.516	
-7.850	-24.047	1.150	2.953	
-8.034	-24.519	0.966	2.481	
-8.188	-24.916	0.812	2.084	
-8.318	-25.250	0.682	1.750	
-8.536	-25.810	0.464	1.190	
-8.611	-26.000	0.389	1.000	
-8.673	-26.160	0.327	0.840	
-8.725	-26.295	0.275	0.705	
-8.769	-26.407	0.231	0.593	
-8.806	-26.502	0.194	0.498	
-8.837	-26.582	0.163	0.418	
-8.863	-26.649	0.137	0.351	
-8.885	-26.705	0.115	0.295	
-8.903	-26.752	0.097	0.248	
-8.919	-26.792	0.081	0.208	
-8.932	-26.825	0.068	0.175	
-8.943	-26.853	0.057	0.147	
-8.952	-26.877	0.048	0.123	
-8.960	-26.896	0.040	0.104	
-8.966	-26.913	0.034	0.087	
-8.972	-26.927	0.028	0.073	
-8.976	-26.939	0.024	0.061	
-8.980	-26.948	0.020	0.052	
-8.983	-26.957	0.017	0.043	
-8.986	-26.964	0.014	0.036	
-8.988	-26.969	0.012	0.031	
-8.990	-26.974	0.010	0.026	
-8.992	-26.978	0.008	0.022	
