dx6		dy6		dx7		dy7
0.017	0.006	1.017	0.006	
-0.141	-0.031	0.859	-0.031	
-0.278	-0.050	0.722	-0.050	
-0.393	-0.059	0.607	-0.059	
-0.491	-0.060	0.509	-0.060	
-0.573	-0.058	0.427	-0.058	
-0.642	-0.054	0.358	-0.054	
-0.699	-0.049	0.301	-0.049	
-0.748	-0.044	0.252	-0.044	
-0.788	-0.038	0.212	-0.038	
-0.822	-0.033	0.178	-0.033	
-0.851	-0.029	0.149	-0.029	
-0.875	-0.025	0.125	-0.025	
-0.895	-0.021	0.105	-0.021	
-0.912	-0.018	0.088	-0.018	
-0.926	-0.015	0.074	-0.015	
-0.938	-0.013	0.062	-0.013	
-0.948	-0.011	0.052	-0.011	
-0.956	-0.009	0.044	-0.009	
-0.963	-0.008	0.037	-0.008	
-0.969	-0.007	0.031	-0.007	
-0.974	-0.006	0.026	-0.006	
-0.978	-0.005	0.022	-0.005	
