dx18		dy18		dx19		dy19
0.006	-0.017	1.006	1.983	
-0.306	0.155	0.694	2.155	
-0.667	0.133	0.333	2.133	
-0.971	-0.031	0.029	1.969	
-1.183	-0.264	-0.183	1.736	
-1.309	-0.513	-0.309	1.487	
-1.370	-0.749	-0.370	1.251	
-1.386	-0.957	-0.386	1.043	
-1.376	-1.134	-0.376	0.866	
-1.350	-1.283	-0.350	0.717	
-1.317	-1.406	-0.317	0.594	
-1.282	-1.508	-0.282	0.492	
-1.247	-1.592	-0.247	0.408	
-1.214	-1.661	-0.214	0.339	
-1.184	-1.718	-0.184	0.282	
-1.158	-1.765	-0.158	0.235	
-1.135	-1.804	-0.135	0.196	
-1.115	-1.836	-0.115	0.164	
-1.097	-1.863	-0.097	0.137	
-1.082	-1.885	-0.082	0.115	
-1.070	-1.904	-0.070	0.096	
-1.046	-1.938	-0.046	0.062	
-1.037	-1.950	-0.037	0.050	
-1.031	-1.958	-0.031	0.042	
-1.026	-1.965	-0.026	0.035	
-1.022	-1.971	-0.022	0.029	
-1.018	-1.975	-0.018	0.025	
-1.015	-1.979	-0.015	0.021	
-1.013	-1.983	-0.013	0.017	
