dx		dy		dx0		dy0		dx1		dy1		dx2		dy2		dx3		dy3		dx4		dy4		dx5		dy5		dx6		dy6		dx7		dy7		dx8		dy8		dx9		dy9		dx10		dy10		dx11		dy11		dx12		dy12		dx13		dy13		dx14		dy14		dx15		dy15		dx16		dy16		dx17		dy17		dx18		dy18		dx19		dy19		dx20		dy20		dx21		dy211.006	1.981	-48.994	30.981	-47.994	31.981	-46.994	31.981	-38.994	22.981	-46.994	14.981	-48.994	30.981	-47.994	31.981	-46.994	31.981	-29.994	30.981	-28.994	28.981	-19.994	-0.019	-18.994	1.981	-9.994	28.981	-8.994	30.981	-7.994	28.981	0.006	-0.019	1.006	1.981	
0.695	2.153	-49.305	31.153	-48.305	32.153	-47.305	32.153	-39.305	23.153	-47.305	15.153	-49.305	31.153	-48.305	32.153	-47.305	32.153	-30.305	31.153	-29.305	29.153	-20.305	0.153	-19.305	2.153	-10.305	29.153	-9.305	31.153	-8.305	29.153	-0.305	0.153	0.695	2.153	
0.333	2.132	-49.667	31.132	-48.667	32.132	-47.667	32.132	-39.667	23.132	-47.667	15.132	-49.667	31.132	-48.667	32.132	-47.667	32.132	-30.667	31.132	-29.667	29.132	-20.667	0.132	-19.667	2.132	-10.667	29.132	-9.667	31.132	-8.667	29.132	-0.667	0.132	0.333	2.132	
0.029	1.968	-49.971	30.968	-48.971	31.968	-47.971	31.968	-39.971	22.968	-47.971	14.968	-49.971	30.968	-48.971	31.968	-47.971	31.968	-30.971	30.968	-29.971	28.968	-20.971	-0.032	-19.971	1.968	-10.971	28.968	-9.971	30.968	-8.971	28.968	-0.971	-0.032	0.029	1.968	
-0.182	1.735	-50.182	30.735	-49.182	31.735	-48.182	31.735	-40.182	22.735	-48.182	14.735	-50.182	30.735	-49.182	31.735	-48.182	31.735	-31.182	30.735	-30.182	28.735	-21.182	-0.265	-20.182	1.735	-11.182	28.735	-10.182	30.735	-9.182	28.735	-1.182	-0.265	-0.182	1.735	
-0.308	1.486	-50.308	30.486	-49.308	31.486	-48.308	31.486	-40.308	22.486	-48.308	14.486	-50.308	30.486	-49.308	31.486	-48.308	31.486	-31.308	30.486	-30.308	28.486	-21.308	-0.514	-20.308	1.486	-11.308	28.486	-10.308	30.486	-9.308	28.486	-1.308	-0.514	-0.308	1.486	
-0.369	1.251	-50.369	30.251	-49.369	31.251	-48.369	31.251	-40.369	22.251	-48.369	14.251	-50.369	30.251	-49.369	31.251	-48.369	31.251	-31.369	30.251	-30.369	28.251	-21.369	-0.749	-20.369	1.251	-11.369	28.251	-10.369	30.251	-9.369	28.251	-1.369	-0.749	-0.369	1.251	
-0.386	1.043	-50.386	30.043	-49.386	31.043	-48.386	31.043	-40.386	22.043	-48.386	14.043	-50.386	30.043	-49.386	31.043	-48.386	31.043	-31.386	30.043	-30.386	28.043	-21.386	-0.957	-20.386	1.043	-11.386	28.043	-10.386	30.043	-9.386	28.043	-1.386	-0.957	-0.386	1.043	
-0.375	0.865	-50.375	29.865	-49.375	30.865	-48.375	30.865	-40.375	21.865	-48.375	13.865	-50.375	29.865	-49.375	30.865	-48.375	30.865	-31.375	29.865	-30.375	27.865	-21.375	-1.135	-20.375	0.865	-11.375	27.865	-10.375	29.865	-9.375	27.865	-1.375	-1.135	-0.375	0.865	
-0.349	0.716	-50.349	29.716	-49.349	30.716	-48.349	30.716	-40.349	21.716	-48.349	13.716	-50.349	29.716	-49.349	30.716	-48.349	30.716	-31.349	29.716	-30.349	27.716	-21.349	-1.284	-20.349	0.716	-11.349	27.716	-10.349	29.716	-9.349	27.716	-1.349	-1.284	-0.349	0.716	
-0.316	0.593	-50.316	29.593	-49.316	30.593	-48.316	30.593	-40.316	21.593	-48.316	13.593	-50.316	29.593	-49.316	30.593	-48.316	30.593	-31.316	29.593	-30.316	27.593	-21.316	-1.407	-20.316	0.593	-11.316	27.593	-10.316	29.593	-9.316	27.593	-1.316	-1.407	-0.316	0.593	
-0.281	0.492	-50.281	29.492	-49.281	30.492	-48.281	30.492	-40.281	21.492	-48.281	13.492	-50.281	29.492	-49.281	30.492	-48.281	30.492	-31.281	29.492	-30.281	27.492	-21.281	-1.508	-20.281	0.492	-11.281	27.492	-10.281	29.492	-9.281	27.492	-1.281	-1.508	-0.281	0.492	
-0.246	0.408	-50.246	29.408	-49.246	30.408	-48.246	30.408	-40.246	21.408	-48.246	13.408	-50.246	29.408	-49.246	30.408	-48.246	30.408	-31.246	29.408	-30.246	27.408	-21.246	-1.592	-20.246	0.408	-11.246	27.408	-10.246	29.408	-9.246	27.408	-1.246	-1.592	-0.246	0.408	
-0.214	0.339	-50.214	29.339	-49.214	30.339	-48.214	30.339	-40.214	21.339	-48.214	13.339	-50.214	29.339	-49.214	30.339	-48.214	30.339	-31.214	29.339	-30.214	27.339	-21.214	-1.661	-20.214	0.339	-11.214	27.339	-10.214	29.339	-9.214	27.339	-1.214	-1.661	-0.214	0.339	
-0.184	0.282	-50.184	29.282	-49.184	30.282	-48.184	30.282	-40.184	21.282	-48.184	13.282	-50.184	29.282	-49.184	30.282	-48.184	30.282	-31.184	29.282	-30.184	27.282	-21.184	-1.718	-20.184	0.282	-11.184	27.282	-10.184	29.282	-9.184	27.282	-1.184	-1.718	-0.184	0.282	
-0.158	0.235	-50.158	29.235	-49.158	30.235	-48.158	30.235	-40.158	21.235	-48.158	13.235	-50.158	29.235	-49.158	30.235	-48.158	30.235	-31.158	29.235	-30.158	27.235	-21.158	-1.765	-20.158	0.235	-11.158	27.235	-10.158	29.235	-9.158	27.235	-1.158	-1.765	-0.158	0.235	
-0.135	0.196	-50.135	29.196	-49.135	30.196	-48.135	30.196	-40.135	21.196	-48.135	13.196	-50.135	29.196	-49.135	30.196	-48.135	30.196	-31.135	29.196	-30.135	27.196	-21.135	-1.804	-20.135	0.196	-11.135	27.196	-10.135	29.196	-9.135	27.196	-1.135	-1.804	-0.135	0.196	
-0.114	0.164	-50.114	29.164	-49.114	30.164	-48.114	30.164	-40.114	21.164	-48.114	13.164	-50.114	29.164	-49.114	30.164	-48.114	30.164	-31.114	29.164	-30.114	27.164	-21.114	-1.836	-20.114	0.164	-11.114	27.164	-10.114	29.164	-9.114	27.164	-1.114	-1.836	-0.114	0.164	
-0.097	0.137	-50.097	29.137	-49.097	30.137	-48.097	30.137	-40.097	21.137	-48.097	13.137	-50.097	29.137	-49.097	30.137	-48.097	30.137	-31.097	29.137	-30.097	27.137	-21.097	-1.863	-20.097	0.137	-11.097	27.137	-10.097	29.137	-9.097	27.137	-1.097	-1.863	-0.097	0.137	
-0.082	0.115	-50.082	29.115	-49.082	30.115	-48.082	30.115	-40.082	21.115	-48.082	13.115	-50.082	29.115	-49.082	30.115	-48.082	30.115	-31.082	29.115	-30.082	27.115	-21.082	-1.885	-20.082	0.115	-11.082	27.115	-10.082	29.115	-9.082	27.115	-1.082	-1.885	-0.082	0.115	
-0.069	0.096	-50.069	29.096	-49.069	30.096	-48.069	30.096	-40.069	21.096	-48.069	13.096	-50.069	29.096	-49.069	30.096	-48.069	30.096	-31.069	29.096	-30.069	27.096	-21.069	-1.904	-20.069	0.096	-11.069	27.096	-10.069	29.096	-9.069	27.096	-1.069	-1.904	-0.069	0.096	
-0.059	0.080	-50.059	29.080	-49.059	30.065	-48.048	30.065	-40.048	21.065	-48.048	13.065	-50.048	29.065	-49.048	30.065	-48.048	30.065	-31.048	29.065	-30.048	27.065	-21.048	-1.935	-20.048	0.065	-11.048	27.065	-10.048	29.065	-9.048	27.065	-1.048	-1.935	-0.048	0.065	
-0.038	0.052	-50.038	29.052	-49.038	30.052	-48.038	30.052	-40.038	21.052	-48.038	13.052	-50.038	29.052	-49.038	30.052	-48.038	30.052	-31.038	29.052	-30.038	27.052	-21.038	-1.948	-20.038	0.052	-11.038	27.052	-10.038	29.052	-9.038	27.052	-1.038	-1.948	-0.038	0.052	
-0.032	0.044	-50.032	29.044	-49.032	30.044	-48.032	30.044	-40.032	21.044	-48.032	13.044	-50.032	29.044	-49.032	30.044	-48.032	30.044	-31.032	29.044	-30.032	27.044	-21.032	-1.956	-20.032	0.044	-11.032	27.044	-10.032	29.044	-9.032	27.044	-1.032	-1.956	-0.032	0.044	
-0.027	0.037	-50.027	29.037	-49.027	30.037	-48.027	30.037	-40.027	21.037	-48.027	13.037	-50.027	29.037	-49.027	30.037	-48.027	30.037	-31.027	29.037	-30.027	27.037	-21.027	-1.963	-20.027	0.037	-11.027	27.037	-10.027	29.037	-9.027	27.037	-1.027	-1.963	-0.027	0.037	
-0.023	0.031	-50.023	29.031	-49.023	30.031	-48.023	30.031	-40.023	21.031	-48.023	13.031	-50.023	29.031	-49.023	30.031	-48.023	30.031	-31.023	29.031	-30.023	27.031	-21.023	-1.969	-20.023	0.031	-11.023	27.031	-10.023	29.031	-9.023	27.031	-1.023	-1.969	-0.023	0.031	
-0.019	0.026	-50.019	29.026	-49.019	30.026	-48.019	30.026	-40.019	21.026	-48.019	13.026	-50.019	29.026	-49.019	30.026	-48.019	30.026	-31.019	29.026	-30.019	27.026	-21.019	-1.974	-20.019	0.026	-11.019	27.026	-10.019	29.026	-9.019	27.026	-1.019	-1.974	-0.019	0.026	
-0.016	0.022	-50.016	29.022	-49.016	30.022	-48.016	30.022	-40.016	21.022	-48.016	13.022	-50.016	29.022	-49.016	30.022	-48.016	30.022	-31.016	29.022	-30.016	27.022	-21.016	-1.978	-20.016	0.022	-11.016	27.022	-10.016	29.022	-9.016	27.022	-1.016	-1.978	-0.016	0.022	
-0.014	0.018	-50.014	29.018	-49.014	30.018	-48.014	30.018	-40.014	21.018	-48.014	13.018	-50.014	29.018	-49.014	30.018	-48.014	30.018	-31.014	29.018	-30.014	27.018	-21.014	-1.982	-20.014	0.018	-11.014	27.018	-10.014	29.018	-9.014	27.018	-1.014	-1.982	-0.014	0.018	
