dx		dy		dx0		dy0		dx1		dy1		dx2		dy2		dx3		dy3		dx4		dy4		dx5		dy5		dx6		dy6		dx7		dy7		dx8		dy8		dx9		dy9		dx10		dy10		dx11		dy11		dx12		dy12		dx13		dy13		dx14		dy14		dx15		dy15		dx16		dy16		dx17		dy17		dx18		dy18		dx19		dy19		dx20		dy20		dx21		dy211.017	0.006	-0.983	-0.994	0.017	0.006	1.017	0.006	9.017	-8.994	1.017	-16.994	-0.983	-0.994	0.017	0.006	1.017	0.006	18.017	-0.994	19.017	-2.994	28.017	-31.994	29.017	-29.994	38.017	-2.994	39.017	-0.994	40.017	-2.994	48.017	-31.994	49.017	-29.994	
0.859	-0.031	-1.141	-1.031	-0.141	-0.031	0.859	-0.031	8.859	-9.031	0.859	-17.031	-1.141	-1.031	-0.141	-0.031	0.859	-0.031	17.859	-1.031	18.859	-3.031	27.859	-32.031	28.859	-30.031	37.859	-3.031	38.859	-1.031	39.859	-3.031	47.859	-32.031	48.859	-30.031	
0.722	-0.050	-1.278	-1.050	-0.278	-0.050	0.722	-0.050	8.722	-9.050	0.722	-17.050	-1.278	-1.050	-0.278	-0.050	0.722	-0.050	17.722	-1.050	18.722	-3.050	27.722	-32.050	28.722	-30.050	37.722	-3.050	38.722	-1.050	39.722	-3.050	47.722	-32.050	48.722	-30.050	
0.607	-0.059	-1.393	-1.059	-0.393	-0.059	0.607	-0.059	8.607	-9.059	0.607	-17.059	-1.393	-1.059	-0.393	-0.059	0.607	-0.059	17.607	-1.059	18.607	-3.059	27.607	-32.059	28.607	-30.059	37.607	-3.059	38.607	-1.059	39.607	-3.059	47.607	-32.059	48.607	-30.059	
0.509	-0.060	-1.491	-1.060	-0.491	-0.060	0.509	-0.060	8.509	-9.060	0.509	-17.060	-1.491	-1.060	-0.491	-0.060	0.509	-0.060	17.509	-1.060	18.509	-3.060	27.509	-32.060	28.509	-30.060	37.509	-3.060	38.509	-1.060	39.509	-3.060	47.509	-32.060	48.509	-30.060	
0.427	-0.058	-1.573	-1.058	-0.573	-0.058	0.427	-0.058	8.427	-9.058	0.427	-17.058	-1.573	-1.058	-0.573	-0.058	0.427	-0.058	17.427	-1.058	18.427	-3.058	27.427	-32.058	28.427	-30.058	37.427	-3.058	38.427	-1.058	39.427	-3.058	47.427	-32.058	48.427	-30.058	
0.358	-0.054	-1.642	-1.054	-0.642	-0.054	0.358	-0.054	8.358	-9.054	0.358	-17.054	-1.642	-1.054	-0.642	-0.054	0.358	-0.054	17.358	-1.054	18.358	-3.054	27.358	-32.054	28.358	-30.054	37.358	-3.054	38.358	-1.054	39.358	-3.054	47.358	-32.054	48.358	-30.054	
0.301	-0.049	-1.699	-1.049	-0.699	-0.049	0.301	-0.049	8.301	-9.049	0.301	-17.049	-1.699	-1.049	-0.699	-0.049	0.301	-0.049	17.301	-1.049	18.301	-3.049	27.301	-32.049	28.301	-30.049	37.301	-3.049	38.301	-1.049	39.301	-3.049	47.301	-32.049	48.301	-30.049	
0.252	-0.044	-1.748	-1.044	-0.748	-0.044	0.252	-0.044	8.252	-9.044	0.252	-17.044	-1.748	-1.044	-0.748	-0.044	0.252	-0.044	17.252	-1.044	18.252	-3.044	27.252	-32.044	28.252	-30.044	37.252	-3.044	38.252	-1.044	39.252	-3.044	47.252	-32.044	48.252	-30.044	
0.212	-0.038	-1.788	-1.038	-0.788	-0.038	0.212	-0.038	8.212	-9.038	0.212	-17.038	-1.788	-1.038	-0.788	-0.038	0.212	-0.038	17.212	-1.038	18.212	-3.038	27.212	-32.038	28.212	-30.038	37.212	-3.038	38.212	-1.038	39.212	-3.038	47.212	-32.038	48.212	-30.038	
0.178	-0.033	-1.822	-1.033	-0.822	-0.033	0.178	-0.033	8.178	-9.033	0.178	-17.033	-1.822	-1.033	-0.822	-0.033	0.178	-0.033	17.178	-1.033	18.178	-3.033	27.178	-32.033	28.178	-30.033	37.178	-3.033	38.178	-1.033	39.178	-3.033	47.178	-32.033	48.178	-30.033	
0.149	-0.029	-1.851	-1.029	-0.851	-0.029	0.149	-0.029	8.149	-9.029	0.149	-17.029	-1.851	-1.029	-0.851	-0.029	0.149	-0.029	17.149	-1.029	18.149	-3.029	27.149	-32.029	28.149	-30.029	37.149	-3.029	38.149	-1.029	39.149	-3.029	47.149	-32.029	48.149	-30.029	
0.125	-0.025	-1.875	-1.025	-0.875	-0.025	0.125	-0.025	8.125	-9.025	0.125	-17.025	-1.875	-1.025	-0.875	-0.025	0.125	-0.025	17.125	-1.025	18.125	-3.025	27.125	-32.025	28.125	-30.025	37.125	-3.025	38.125	-1.025	39.125	-3.025	47.125	-32.025	48.125	-30.025	
0.105	-0.021	-1.895	-1.021	-0.895	-0.021	0.105	-0.021	8.105	-9.021	0.105	-17.021	-1.895	-1.021	-0.895	-0.021	0.105	-0.021	17.105	-1.021	18.105	-3.021	27.105	-32.021	28.105	-30.021	37.105	-3.021	38.105	-1.021	39.105	-3.021	47.105	-32.021	48.105	-30.021	
0.088	-0.018	-1.912	-1.018	-0.912	-0.018	0.088	-0.018	8.088	-9.018	0.088	-17.018	-1.912	-1.018	-0.912	-0.018	0.088	-0.018	17.088	-1.018	18.088	-3.018	27.088	-32.018	28.088	-30.018	37.088	-3.018	38.088	-1.018	39.088	-3.018	47.088	-32.018	48.088	-30.018	
0.074	-0.015	-1.926	-1.015	-0.926	-0.015	0.074	-0.015	8.074	-9.015	0.074	-17.015	-1.926	-1.015	-0.926	-0.015	0.074	-0.015	17.074	-1.015	18.074	-3.015	27.074	-32.015	28.074	-30.015	37.074	-3.015	38.074	-1.015	39.074	-3.015	47.074	-32.015	48.074	-30.015	
0.062	-0.013	-1.938	-1.013	-0.938	-0.013	0.062	-0.013	8.062	-9.013	0.062	-17.013	-1.938	-1.013	-0.938	-0.013	0.062	-0.013	17.062	-1.013	18.062	-3.013	27.062	-32.013	28.062	-30.013	37.062	-3.013	38.062	-1.013	39.062	-3.013	47.062	-32.013	48.062	-30.013	
0.052	-0.011	-1.948	-1.011	-0.948	-0.011	0.052	-0.011	8.052	-9.011	0.052	-17.011	-1.948	-1.011	-0.948	-0.011	0.052	-0.011	17.052	-1.011	18.052	-3.011	27.052	-32.011	28.052	-30.011	37.052	-3.011	38.052	-1.011	39.052	-3.011	47.052	-32.011	48.052	-30.011	
0.044	-0.009	-1.956	-1.009	-0.956	-0.009	0.044	-0.009	8.044	-9.009	0.044	-17.009	-1.956	-1.009	-0.956	-0.009	0.044	-0.009	17.044	-1.009	18.044	-3.009	27.044	-32.009	28.044	-30.009	37.044	-3.009	38.044	-1.009	39.044	-3.009	47.044	-32.009	48.044	-30.009	
0.037	-0.008	-1.963	-1.008	-0.963	-0.008	0.037	-0.008	8.037	-9.008	0.037	-17.008	-1.963	-1.008	-0.963	-0.008	0.037	-0.008	17.037	-1.008	18.037	-3.008	27.037	-32.008	28.037	-30.008	37.037	-3.008	38.037	-1.008	39.037	-3.008	47.037	-32.008	48.037	-30.008	
0.031	-0.007	-1.969	-1.007	-0.969	-0.007	0.031	-0.007	8.031	-9.007	0.031	-17.007	-1.969	-1.007	-0.969	-0.007	0.031	-0.007	17.031	-1.007	18.031	-3.007	27.031	-32.007	28.031	-30.007	37.031	-3.007	38.031	-1.007	39.031	-3.007	47.031	-32.007	48.031	-30.007	
0.026	-0.006	-1.974	-1.006	-0.974	-0.006	0.026	-0.006	8.026	-9.006	0.026	-17.006	-1.974	-1.006	-0.974	-0.006	0.026	-0.006	17.026	-1.006	18.026	-3.006	27.026	-32.006	28.026	-30.006	37.026	-3.006	38.026	-1.006	39.026	-3.006	47.026	-32.006	48.026	-30.006	
0.022	-0.005	-1.978	-1.005	-0.978	-0.005	0.022	-0.005	8.022	-9.005	0.022	-17.005	-1.978	-1.005	-0.978	-0.005	0.022	-0.005	17.022	-1.005	18.022	-3.005	27.022	-32.005	28.022	-30.005	37.022	-3.005	38.022	-1.005	39.022	-3.005	47.022	-32.005	48.022	-30.005	
