dx		dy		dx0		dy0		dx1		dy1		dx2		dy2		dx3		dy3		dx4		dy4		dx5		dy5		dx6		dy6		dx7		dy7		dx8		dy8		dx9		dy9		dx10		dy10		dx11		dy11		dx12		dy12		dx13		dy13		dx14		dy14		dx15		dy15		dx16		dy16		dx17		dy17		dx18		dy18		dx19		dy19		dx20		dy20		dx21		dy219.989	29.015	-50.011	29.015	-49.011	30.015	-48.011	30.015	-40.011	21.015	-48.011	14.015	-52.011	13.015	-51.011	12.015	-50.011	13.015	-50.011	29.015	-49.011	30.015	-48.011	30.015	-31.011	29.015	-30.011	27.015	-21.011	-1.985	-20.011	0.015	-11.011	27.015	-10.011	29.015	-9.011	27.015	-1.011	-1.985	-0.011	0.015	
10.195	28.409	-49.805	28.409	-48.805	29.409	-47.805	29.409	-39.805	20.409	-47.805	13.409	-51.805	12.409	-50.805	11.409	-49.805	12.409	-49.805	28.409	-48.805	29.409	-47.805	29.409	-30.805	28.409	-29.805	26.409	-20.805	-2.591	-19.805	-0.591	-10.805	26.409	-9.805	28.409	-8.805	26.409	-0.805	-2.591	0.195	-0.591	
10.267	27.773	-49.733	27.773	-48.733	28.773	-47.733	28.773	-39.733	19.773	-47.733	12.773	-51.733	11.773	-50.733	10.773	-49.733	11.773	-49.733	27.773	-48.733	28.773	-47.733	28.773	-30.733	27.773	-29.733	25.773	-20.733	-3.227	-19.733	-1.227	-10.733	25.773	-9.733	27.773	-8.733	25.773	-0.733	-3.227	0.267	-1.227	
10.244	27.133	-49.756	27.133	-48.756	28.133	-47.756	28.133	-39.756	19.133	-47.756	12.133	-51.756	11.133	-50.756	10.133	-49.756	11.133	-49.756	27.133	-48.756	28.133	-47.756	28.133	-30.756	27.133	-29.756	25.133	-20.756	-3.867	-19.756	-1.867	-10.756	25.133	-9.756	27.133	-8.756	25.133	-0.756	-3.867	0.244	-1.867	
10.154	26.500	-49.846	26.500	-48.846	27.500	-47.846	27.500	-39.846	18.500	-47.846	11.500	-51.846	10.500	-50.846	9.500	-49.846	10.500	-49.846	26.500	-48.846	27.500	-47.846	27.500	-30.846	26.500	-29.846	24.500	-20.846	-4.500	-19.846	-2.500	-10.846	24.500	-9.846	26.500	-8.846	24.500	-0.846	-4.500	0.154	-2.500	
10.019	25.874	-49.981	25.874	-48.981	26.874	-47.981	26.874	-39.981	17.874	-47.981	10.874	-51.981	9.874	-50.981	8.874	-49.981	9.874	-49.981	25.874	-48.981	26.874	-47.981	26.874	-30.981	25.874	-29.981	23.874	-20.981	-5.126	-19.981	-3.126	-10.981	23.874	-9.981	25.874	-8.981	23.874	-0.981	-5.126	0.019	-3.126	
9.853	25.256	-50.147	25.256	-49.147	26.256	-48.147	26.256	-40.147	17.256	-48.147	10.256	-52.147	9.256	-51.147	8.256	-50.147	9.256	-50.147	25.256	-49.147	26.256	-48.147	26.256	-31.147	25.256	-30.147	23.256	-21.147	-5.744	-20.147	-3.744	-11.147	23.256	-10.147	25.256	-9.147	23.256	-1.147	-5.744	-0.147	-3.744	
9.665	24.644	-50.335	24.644	-49.335	25.644	-48.335	25.644	-40.335	16.644	-48.335	9.644	-52.335	8.644	-51.335	7.644	-50.335	8.644	-50.335	24.644	-49.335	25.644	-48.335	25.644	-31.335	24.644	-30.335	22.644	-21.335	-6.356	-20.335	-4.356	-11.335	22.644	-10.335	24.644	-9.335	22.644	-1.335	-6.356	-0.335	-4.356	
9.463	24.037	-50.537	24.037	-49.537	25.037	-48.537	25.037	-40.537	16.037	-48.537	9.037	-52.537	8.037	-51.537	7.037	-50.537	8.037	-50.537	24.037	-49.537	25.037	-48.537	25.037	-31.537	24.037	-30.537	22.037	-21.537	-6.963	-20.537	-4.963	-11.537	22.037	-10.537	24.037	-9.537	22.037	-1.537	-6.963	-0.537	-4.963	
9.250	23.433	-50.750	23.433	-49.750	24.433	-48.750	24.433	-40.750	15.433	-48.750	8.433	-52.750	7.433	-51.750	6.433	-50.750	7.433	-50.750	23.433	-49.750	24.433	-48.750	24.433	-31.750	23.433	-30.750	21.433	-21.750	-7.567	-20.750	-5.567	-11.750	21.433	-10.750	23.433	-9.750	21.433	-1.750	-7.567	-0.750	-5.567	
9.030	22.832	-50.970	22.832	-49.970	23.832	-48.970	23.832	-40.970	14.832	-48.970	7.832	-52.970	6.832	-51.970	5.832	-50.970	6.832	-50.970	22.832	-49.970	23.832	-48.970	23.832	-31.970	22.832	-30.970	20.832	-21.970	-8.168	-20.970	-6.168	-11.970	20.832	-10.970	22.832	-9.970	20.832	-1.970	-8.168	-0.970	-6.168	
8.805	22.233	-51.195	22.233	-50.195	23.233	-49.195	23.233	-41.195	14.233	-49.195	7.233	-53.195	6.233	-52.195	5.233	-51.195	6.233	-51.195	22.233	-50.195	23.233	-49.195	23.233	-32.195	22.233	-31.195	20.233	-22.195	-8.767	-21.195	-6.767	-12.195	20.233	-11.195	22.233	-10.195	20.233	-2.195	-8.767	-1.195	-6.767	
8.577	21.635	-51.423	21.635	-50.423	22.635	-49.423	22.635	-41.423	13.635	-49.423	6.635	-53.423	5.635	-52.423	4.635	-51.423	5.635	-51.423	21.635	-50.423	22.635	-49.423	22.635	-32.423	21.635	-31.423	19.635	-22.423	-9.365	-21.423	-7.365	-12.423	19.635	-11.423	21.635	-10.423	19.635	-2.423	-9.365	-1.423	-7.365	
8.346	21.038	-51.654	21.038	-50.654	22.038	-49.654	22.038	-41.654	13.038	-49.654	6.038	-53.654	5.038	-52.654	4.038	-51.654	5.038	-51.654	21.038	-50.654	22.038	-49.654	22.038	-32.654	21.038	-31.654	19.038	-22.654	-9.962	-21.654	-7.962	-12.654	19.038	-11.654	21.038	-10.654	19.038	-2.654	-9.962	-1.654	-7.962	
8.114	20.442	-51.886	20.442	-50.886	21.442	-49.886	21.442	-41.886	12.442	-49.886	5.442	-53.886	4.442	-52.886	3.442	-51.886	4.442	-51.886	20.442	-50.886	21.442	-49.886	21.442	-32.886	20.442	-31.886	18.442	-22.886	-10.558	-21.886	-8.558	-12.886	18.442	-11.886	20.442	-10.886	18.442	-2.886	-10.558	-1.886	-8.558	
7.880	19.846	-52.120	19.846	-51.120	20.846	-50.120	20.846	-42.120	11.846	-50.120	4.846	-54.120	3.846	-53.120	2.846	-52.120	3.846	-52.120	19.846	-51.120	20.846	-50.120	20.846	-33.120	19.846	-32.120	17.846	-23.120	-11.154	-22.355	-9.749	-13.355	17.251	-12.355	19.251	-11.355	17.251	-3.355	-11.749	-2.355	-9.749	
7.410	18.656	-52.590	18.656	-51.590	19.656	-50.590	19.656	-42.590	10.656	-50.590	3.656	-54.590	2.656	-53.590	1.656	-52.590	2.656	-52.590	18.656	-51.590	19.656	-50.590	19.656	-33.590	18.656	-32.590	16.656	-23.590	-12.344	-22.590	-10.344	-13.590	16.656	-12.590	18.656	-11.590	16.656	-3.590	-12.344	-2.590	-10.344	
7.174	18.061	-52.826	18.061	-51.826	19.061	-50.826	19.061	-42.826	10.061	-50.826	3.061	-54.826	2.061	-53.826	1.061	-52.826	2.061	-52.826	18.061	-51.826	19.061	-50.826	19.061	-33.826	18.061	-32.826	16.061	-23.826	-12.939	-22.826	-10.939	-13.826	16.061	-12.826	18.061	-11.826	16.061	-3.826	-12.939	-2.826	-10.939	
6.938	17.466	-53.062	17.466	-52.062	18.466	-51.062	18.466	-43.062	9.466	-51.062	2.466	-55.062	1.466	-54.062	0.466	-53.062	1.466	-53.062	17.466	-52.062	18.466	-51.062	18.466	-34.062	17.466	-33.062	15.466	-24.062	-13.534	-23.062	-11.534	-14.062	15.466	-13.062	17.466	-12.062	15.466	-4.062	-13.534	-3.062	-11.534	
6.702	16.871	-53.298	16.871	-52.298	17.871	-51.298	17.871	-43.298	8.871	-51.298	1.871	-55.298	0.871	-54.298	-0.129	-53.298	0.871	-53.298	16.871	-52.298	17.871	-51.298	17.871	-34.298	16.871	-33.298	14.871	-24.298	-14.129	-23.298	-12.129	-14.298	14.871	-13.298	16.871	-12.298	14.871	-4.298	-14.129	-3.298	-12.129	
6.466	16.276	-53.534	16.276	-52.534	17.276	-51.534	17.276	-43.534	8.276	-51.534	1.276	-55.534	0.276	-54.534	-0.724	-53.534	0.276	-53.534	16.276	-52.534	17.276	-51.534	17.276	-34.534	16.276	-33.534	14.276	-24.534	-14.724	-23.534	-12.724	-14.534	14.276	-13.534	16.276	-12.534	14.276	-4.534	-14.724	-3.534	-12.724	
6.229	15.681	-53.771	15.681	-52.771	16.681	-51.771	16.681	-43.771	7.681	-51.771	0.681	-55.771	-0.319	-54.771	-1.319	-53.771	-0.319	-53.771	15.681	-52.771	16.681	-51.771	16.681	-34.771	15.681	-33.771	13.681	-24.771	-15.319	-23.771	-13.319	-14.771	13.681	-13.771	15.681	-12.771	13.681	-4.771	-15.319	-3.771	-13.319	
5.993	15.087	-54.007	15.087	-53.007	16.087	-52.007	16.087	-44.007	7.087	-52.007	0.087	-56.007	-0.913	-55.007	-1.913	-54.007	-0.913	-54.007	15.087	-53.007	16.087	-52.007	16.087	-35.007	15.087	-34.007	13.087	-25.007	-15.913	-24.007	-13.913	-15.007	13.087	-14.007	15.087	-13.007	13.087	-5.007	-15.913	-4.007	-13.913	
5.757	14.492	-54.243	14.492	-53.243	15.492	-52.243	15.492	-44.243	6.492	-52.243	-0.508	-56.243	-1.508	-55.243	-2.508	-54.243	-1.508	-54.243	14.492	-53.243	15.492	-52.243	15.492	-35.243	14.492	-34.243	12.492	-25.243	-16.508	-24.243	-14.508	-15.243	12.492	-14.243	14.492	-13.243	12.492	-5.243	-16.508	-4.243	-14.508	
5.521	13.897	-54.479	13.897	-53.479	14.897	-52.479	14.897	-44.479	5.897	-52.479	-1.103	-56.479	-2.103	-55.479	-3.103	-54.479	-2.103	-54.479	13.897	-53.479	14.897	-52.479	14.897	-35.479	13.897	-34.479	11.897	-25.479	-17.103	-24.479	-15.103	-15.479	11.897	-14.479	13.897	-13.479	11.897	-5.479	-17.103	-4.479	-15.103	
5.284	13.302	-54.716	13.302	-53.716	14.302	-52.716	14.302	-44.716	5.302	-52.716	-1.698	-56.716	-2.698	-55.716	-3.698	-54.716	-2.698	-54.716	13.302	-53.716	14.302	-52.716	14.302	-35.716	13.302	-34.716	11.302	-25.716	-17.698	-24.716	-15.698	-15.716	11.302	-14.716	13.302	-13.716	11.302	-5.716	-17.698	-4.716	-15.698	
5.048	12.707	-54.952	12.707	-53.952	13.707	-52.952	13.707	-44.952	4.707	-52.952	-2.293	-56.952	-3.293	-55.952	-4.293	-54.952	-3.293	-54.952	12.707	-53.952	13.707	-52.952	13.707	-35.952	12.707	-34.952	10.707	-25.952	-18.293	-24.952	-16.293	-15.952	10.707	-14.952	12.707	-13.952	10.707	-5.952	-18.293	-4.952	-16.293	
4.812	12.113	-55.188	12.113	-54.188	13.113	-53.188	13.113	-45.188	4.113	-53.188	-2.887	-57.188	-3.887	-56.188	-4.887	-55.188	-3.887	-55.188	12.113	-54.188	13.113	-53.188	13.113	-36.188	12.113	-35.188	10.113	-26.188	-18.887	-25.188	-16.887	-16.188	10.113	-15.188	12.113	-14.188	10.113	-6.188	-18.887	-5.188	-16.887	
4.576	11.518	-55.424	11.518	-54.424	12.518	-53.424	12.518	-45.424	3.518	-53.424	-3.482	-57.424	-4.482	-56.424	-5.482	-55.424	-4.482	-55.424	11.518	-54.424	12.518	-53.424	12.518	-36.424	11.518	-35.424	9.518	-26.424	-19.482	-25.424	-17.482	-16.424	9.518	-15.424	11.518	-14.424	9.518	-6.424	-19.482	-5.424	-17.482	
4.339	10.923	-55.661	10.923	-54.661	11.923	-53.661	11.923	-45.661	2.923	-53.661	-4.077	-57.661	-5.077	-56.661	-6.077	-55.661	-5.077	-55.661	10.923	-54.661	11.923	-53.661	11.923	-36.661	10.923	-35.661	8.923	-26.661	-20.077	-25.661	-18.077	-16.661	8.923	-15.661	10.923	-14.661	8.923	-6.661	-20.077	-5.661	-18.077	
4.103	10.328	-55.897	10.328	-54.897	11.328	-53.897	11.328	-45.897	2.328	-53.897	-4.672	-57.897	-5.672	-56.897	-6.672	-55.897	-5.672	-55.897	10.328	-54.897	11.328	-53.897	11.328	-36.897	10.328	-35.897	8.328	-26.897	-20.672	-25.897	-18.672	-16.897	8.328	-15.897	10.328	-14.897	8.328	-6.897	-20.672	-5.897	-18.672	
3.867	9.733	-56.133	9.733	-55.133	10.733	-54.133	10.733	-46.133	1.733	-54.133	-5.267	-58.133	-6.267	-57.133	-7.267	-56.133	-6.267	-56.133	9.733	-55.133	10.733	-54.133	10.733	-37.133	9.733	-36.133	7.733	-27.133	-21.267	-26.133	-19.267	-17.133	7.733	-16.133	9.733	-15.133	7.733	-7.133	-21.267	-6.133	-19.267	
3.630	9.139	-56.370	9.139	-55.370	10.139	-54.370	10.139	-46.370	1.139	-54.370	-5.861	-58.370	-6.861	-57.370	-7.861	-56.370	-6.861	-56.370	9.139	-55.370	10.139	-54.370	10.139	-37.370	9.139	-36.370	7.139	-27.370	-21.861	-26.370	-19.861	-17.370	7.139	-16.370	9.139	-15.370	7.139	-7.370	-21.861	-6.370	-19.861	
3.394	8.544	-56.606	8.544	-55.606	9.544	-54.606	9.544	-46.606	0.544	-54.606	-6.456	-58.606	-7.456	-57.606	-8.456	-56.606	-7.456	-56.606	8.544	-55.606	9.544	-54.606	9.544	-37.606	8.544	-36.606	6.544	-27.606	-22.456	-26.606	-20.456	-17.606	6.544	-16.606	8.544	-15.606	6.544	-7.606	-22.456	-6.606	-20.456	
3.158	7.949	-56.842	7.949	-55.842	8.949	-54.842	8.949	-46.842	-0.051	-54.842	-7.051	-58.842	-8.051	-57.842	-9.051	-56.842	-8.051	-56.842	7.949	-55.842	8.949	-54.842	8.949	-37.842	7.949	-36.842	5.949	-27.842	-23.051	-26.842	-21.051	-17.842	5.949	-16.842	7.949	-15.842	5.949	-7.842	-23.051	-6.842	-21.051	
2.922	7.354	-57.078	7.354	-56.078	8.354	-55.078	8.354	-47.078	-0.646	-55.078	-7.646	-59.078	-8.646	-58.078	-9.646	-57.078	-8.646	-57.078	7.354	-56.078	8.354	-55.078	8.354	-38.078	7.354	-37.078	5.354	-28.078	-23.646	-27.078	-21.646	-18.078	5.354	-17.078	7.354	-16.078	5.354	-8.078	-23.646	-7.078	-21.646	
2.685	6.759	-57.315	6.759	-56.315	7.759	-55.315	7.759	-47.315	-1.241	-55.315	-8.241	-59.315	-9.241	-58.315	-10.241	-57.315	-9.241	-57.315	6.759	-56.315	7.759	-55.315	7.759	-38.315	6.759	-37.315	4.759	-28.315	-24.241	-27.315	-22.241	-18.315	4.759	-17.315	6.759	-16.315	4.759	-8.315	-24.241	-7.315	-22.241	
2.449	6.165	-57.551	6.165	-56.551	7.165	-55.551	7.165	-47.551	-1.835	-55.551	-8.835	-59.551	-9.835	-58.551	-10.835	-57.551	-9.835	-57.551	6.165	-56.551	7.165	-55.551	7.165	-38.551	6.165	-37.551	4.165	-28.551	-24.835	-27.551	-22.835	-18.551	4.165	-17.551	6.165	-16.551	4.165	-8.551	-24.835	-7.551	-22.835	
2.213	5.570	-57.787	5.570	-56.787	6.570	-55.787	6.570	-47.787	-2.430	-55.787	-9.430	-59.787	-10.430	-58.787	-11.430	-57.787	-10.430	-57.787	5.570	-56.787	6.570	-55.787	6.570	-38.787	5.570	-37.787	3.570	-28.787	-25.430	-27.787	-23.430	-18.787	3.570	-17.787	5.570	-16.787	3.570	-8.787	-25.430	-7.787	-23.430	
1.976	4.975	-58.024	4.975	-57.024	5.975	-56.024	5.975	-48.024	-3.025	-56.024	-10.025	-60.024	-11.025	-59.024	-12.025	-58.024	-11.025	-58.024	4.975	-57.024	5.975	-56.024	5.975	-39.024	4.975	-38.024	2.975	-29.024	-26.025	-28.024	-24.025	-19.024	2.975	-18.024	4.975	-17.024	2.975	-9.260	-26.620	-8.260	-24.620	
1.740	4.380	-58.260	4.380	-57.260	5.380	-56.260	5.380	-48.260	-3.620	-56.260	-11.214	-60.496	-12.214	-59.496	-13.214	-58.496	-12.214	-58.496	3.786	-57.496	4.786	-56.496	4.786	-39.496	3.786	-38.496	1.786	-29.496	-27.214	-28.496	-25.214	-19.496	1.786	-18.496	3.786	-17.496	1.786	-9.496	-27.214	-8.496	-25.214	
1.268	3.191	-58.732	3.191	-57.732	4.191	-56.732	4.191	-48.732	-4.809	-56.732	-11.809	-60.732	-12.809	-59.732	-13.809	-58.732	-12.809	-58.732	3.191	-57.732	4.191	-56.732	4.191	-39.732	3.191	-38.732	1.191	-29.732	-27.809	-28.732	-25.809	-19.732	1.191	-18.732	3.191	-17.732	1.191	-9.732	-27.809	-8.732	-25.809	
1.065	2.680	-58.935	2.680	-57.935	3.680	-56.935	3.680	-48.935	-5.320	-56.935	-12.320	-60.935	-13.320	-59.935	-14.320	-58.935	-13.320	-58.935	2.680	-57.935	3.680	-56.935	3.680	-39.935	2.680	-38.935	0.680	-29.935	-28.320	-28.935	-26.320	-19.935	0.680	-18.935	2.680	-17.935	0.680	-9.935	-28.320	-8.935	-26.320	
0.894	2.251	-59.106	2.251	-58.106	3.251	-57.106	3.251	-49.106	-5.749	-57.106	-12.749	-61.106	-13.749	-60.106	-14.749	-59.106	-13.749	-59.106	2.251	-58.106	3.251	-57.106	3.251	-40.106	2.251	-39.106	0.251	-30.106	-28.749	-29.106	-26.749	-20.106	0.251	-19.106	2.251	-18.106	0.251	-10.106	-28.749	-9.106	-26.749	
0.751	1.891	-59.249	1.891	-58.249	2.891	-57.249	2.891	-49.249	-6.109	-57.249	-13.109	-61.249	-14.109	-60.249	-15.109	-59.249	-14.109	-59.249	1.891	-58.249	2.891	-57.249	2.891	-40.249	1.891	-39.249	-0.109	-30.249	-29.109	-29.249	-27.109	-20.249	-0.109	-19.249	1.891	-18.249	-0.109	-10.249	-29.109	-9.249	-27.109	
0.631	1.589	-59.369	1.589	-58.369	2.589	-57.369	2.589	-49.369	-6.411	-57.369	-13.411	-61.369	-14.411	-60.369	-15.411	-59.369	-14.411	-59.369	1.589	-58.369	2.589	-57.369	2.589	-40.369	1.589	-39.369	-0.411	-30.369	-29.411	-29.369	-27.411	-20.369	-0.411	-19.369	1.589	-18.369	-0.411	-10.369	-29.411	-9.369	-27.411	
0.530	1.334	-59.470	1.334	-58.470	2.334	-57.470	2.334	-49.470	-6.666	-57.470	-13.666	-61.470	-14.666	-60.470	-15.666	-59.470	-14.666	-59.470	1.334	-58.470	2.334	-57.470	2.334	-40.470	1.334	-39.470	-0.666	-30.470	-29.666	-29.470	-27.666	-20.470	-0.666	-19.470	1.334	-18.470	-0.666	-10.470	-29.666	-9.470	-27.666	
0.445	1.121	-59.555	1.121	-58.555	2.121	-57.555	2.121	-49.555	-6.879	-57.555	-13.879	-61.555	-14.879	-60.555	-15.879	-59.555	-14.879	-59.555	1.121	-58.555	2.121	-57.555	2.121	-40.555	1.121	-39.555	-0.879	-30.555	-29.879	-29.555	-27.879	-20.555	-0.879	-19.555	1.121	-18.555	-0.879	-10.555	-29.879	-9.555	-27.879	
0.374	0.942	-59.626	0.942	-58.626	1.942	-57.626	1.942	-49.626	-7.058	-57.626	-14.058	-61.626	-15.058	-60.626	-16.058	-59.626	-15.058	-59.626	0.942	-58.626	1.942	-57.626	1.942	-40.626	0.942	-39.626	-1.058	-30.626	-30.058	-29.626	-28.058	-20.626	-1.058	-19.626	0.942	-18.626	-1.058	-10.626	-30.058	-9.626	-28.058	
0.314	0.791	-59.686	0.791	-58.686	1.791	-57.686	1.791	-49.686	-7.209	-57.686	-14.209	-61.686	-15.209	-60.686	-16.209	-59.686	-15.209	-59.686	0.791	-58.686	1.791	-57.686	1.791	-40.686	0.791	-39.686	-1.209	-30.686	-30.209	-29.686	-28.209	-20.686	-1.209	-19.686	0.791	-18.686	-1.209	-10.686	-30.209	-9.686	-28.209	
0.264	0.664	-59.736	0.664	-58.736	1.664	-57.736	1.664	-49.736	-7.336	-57.736	-14.336	-61.736	-15.336	-60.736	-16.336	-59.736	-15.336	-59.736	0.664	-58.736	1.664	-57.736	1.664	-40.736	0.664	-39.736	-1.336	-30.736	-30.336	-29.736	-28.336	-20.736	-1.336	-19.736	0.664	-18.736	-1.336	-10.736	-30.336	-9.736	-28.336	
0.222	0.558	-59.778	0.558	-58.778	1.558	-57.778	1.558	-49.778	-7.442	-57.778	-14.442	-61.778	-15.442	-60.778	-16.442	-59.778	-15.442	-59.778	0.558	-58.778	1.558	-57.778	1.558	-40.778	0.558	-39.778	-1.442	-30.778	-30.442	-29.778	-28.442	-20.778	-1.442	-19.778	0.558	-18.778	-1.442	-10.778	-30.442	-9.778	-28.442	
0.186	0.469	-59.814	0.469	-58.814	1.469	-57.814	1.469	-49.814	-7.531	-57.814	-14.531	-61.814	-15.531	-60.814	-16.531	-59.814	-15.531	-59.814	0.469	-58.814	1.469	-57.814	1.469	-40.814	0.469	-39.814	-1.531	-30.814	-30.531	-29.814	-28.531	-20.814	-1.531	-19.814	0.469	-18.814	-1.531	-10.814	-30.531	-9.814	-28.531	
0.156	0.394	-59.844	0.394	-58.844	1.394	-57.844	1.394	-49.844	-7.606	-57.844	-14.606	-61.844	-15.606	-60.844	-16.606	-59.844	-15.606	-59.844	0.394	-58.844	1.394	-57.844	1.394	-40.844	0.394	-39.844	-1.606	-30.844	-30.606	-29.844	-28.606	-20.844	-1.606	-19.844	0.394	-18.844	-1.606	-10.844	-30.606	-9.844	-28.606	
0.131	0.331	-59.869	0.331	-58.869	1.331	-57.869	1.331	-49.869	-7.669	-57.869	-14.669	-61.869	-15.669	-60.869	-16.669	-59.869	-15.669	-59.869	0.331	-58.869	1.331	-57.869	1.331	-40.869	0.331	-39.869	-1.669	-30.869	-30.669	-29.869	-28.669	-20.869	-1.669	-19.869	0.331	-18.869	-1.669	-10.869	-30.669	-9.869	-28.669	
0.110	0.278	-59.890	0.278	-58.890	1.278	-57.890	1.278	-49.890	-7.722	-57.890	-14.722	-61.890	-15.722	-60.890	-16.722	-59.890	-15.722	-59.890	0.278	-58.890	1.278	-57.890	1.278	-40.890	0.278	-39.890	-1.722	-30.890	-30.722	-29.890	-28.722	-20.890	-1.722	-19.890	0.278	-18.890	-1.722	-10.890	-30.722	-9.890	-28.722	
0.093	0.233	-59.907	0.233	-58.907	1.233	-57.907	1.233	-49.907	-7.767	-57.907	-14.767	-61.907	-15.767	-60.907	-16.767	-59.907	-15.767	-59.907	0.233	-58.907	1.233	-57.907	1.233	-40.907	0.233	-39.907	-1.767	-30.907	-30.767	-29.907	-28.767	-20.907	-1.767	-19.907	0.233	-18.907	-1.767	-10.907	-30.767	-9.907	-28.767	
0.078	0.196	-59.922	0.196	-58.922	1.196	-57.922	1.196	-49.922	-7.804	-57.922	-14.804	-61.922	-15.804	-60.922	-16.804	-59.922	-15.804	-59.922	0.196	-58.922	1.196	-57.922	1.196	-40.922	0.196	-39.922	-1.804	-30.922	-30.804	-29.922	-28.804	-20.922	-1.804	-19.922	0.196	-18.922	-1.804	-10.922	-30.804	-9.922	-28.804	
0.065	0.165	-59.935	0.165	-58.935	1.165	-57.935	1.165	-49.935	-7.835	-57.935	-14.835	-61.935	-15.835	-60.935	-16.835	-59.935	-15.835	-59.935	0.165	-58.935	1.165	-57.935	1.165	-40.935	0.165	-39.935	-1.835	-30.935	-30.835	-29.935	-28.835	-20.935	-1.835	-19.935	0.165	-18.935	-1.835	-10.935	-30.835	-9.935	-28.835	
0.055	0.138	-59.945	0.138	-58.945	1.138	-57.945	1.138	-49.945	-7.862	-57.945	-14.862	-61.945	-15.862	-60.945	-16.862	-59.945	-15.862	-59.945	0.138	-58.945	1.138	-57.945	1.138	-40.945	0.138	-39.945	-1.862	-30.945	-30.862	-29.945	-28.862	-20.945	-1.862	-19.945	0.138	-18.945	-1.862	-10.945	-30.862	-9.945	-28.862	
0.046	0.116	-59.954	0.116	-58.954	1.116	-57.954	1.116	-49.954	-7.884	-57.954	-14.884	-61.954	-15.884	-60.954	-16.884	-59.954	-15.884	-59.954	0.116	-58.954	1.116	-57.954	1.116	-40.954	0.116	-39.954	-1.884	-30.954	-30.884	-29.954	-28.884	-20.954	-1.884	-19.954	0.116	-18.954	-1.884	-10.954	-30.884	-9.954	-28.884	
0.039	0.098	-59.961	0.098	-58.961	1.098	-57.961	1.098	-49.961	-7.902	-57.961	-14.902	-61.961	-15.902	-60.961	-16.902	-59.961	-15.902	-59.961	0.098	-58.961	1.098	-57.961	1.098	-40.961	0.098	-39.961	-1.902	-30.961	-30.902	-29.961	-28.902	-20.961	-1.902	-19.961	0.098	-18.961	-1.902	-10.961	-30.902	-9.961	-28.902	
0.033	0.082	-59.967	0.082	-58.967	1.082	-57.967	1.082	-49.967	-7.918	-57.967	-14.918	-61.967	-15.918	-60.967	-16.918	-59.967	-15.918	-59.967	0.082	-58.967	1.082	-57.967	1.082	-40.967	0.082	-39.967	-1.918	-30.967	-30.918	-29.967	-28.918	-20.967	-1.918	-19.967	0.082	-18.967	-1.918	-10.967	-30.918	-9.967	-28.918	
0.027	0.069	-59.973	0.069	-58.973	1.069	-57.973	1.069	-49.973	-7.931	-57.973	-14.931	-61.973	-15.931	-60.973	-16.931	-59.973	-15.931	-59.973	0.069	-58.973	1.069	-57.973	1.069	-40.973	0.069	-39.973	-1.931	-30.973	-30.931	-29.973	-28.931	-20.973	-1.931	-19.973	0.069	-18.973	-1.931	-10.973	-30.931	-9.973	-28.931	
0.023	0.058	-59.977	0.058	-58.977	1.058	-57.977	1.058	-49.977	-7.942	-57.977	-14.942	-61.977	-15.942	-60.977	-16.942	-59.977	-15.942	-59.977	0.058	-58.977	1.058	-57.977	1.058	-40.977	0.058	-39.977	-1.942	-30.977	-30.942	-29.977	-28.942	-20.977	-1.942	-19.977	0.058	-18.977	-1.942	-10.977	-30.942	-9.977	-28.942	
0.016	0.039	-59.984	0.039	-58.984	1.039	-57.984	1.039	-49.984	-7.961	-57.984	-14.961	-61.984	-15.961	-60.984	-16.961	-59.984	-15.961	-59.984	0.039	-58.984	1.039	-57.984	1.039	-40.984	0.039	-39.984	-1.961	-30.984	-30.961	-29.984	-28.961	-20.984	-1.961	-19.984	0.039	-18.984	-1.961	-10.984	-30.961	-9.984	-28.961	
0.013	0.032	-59.987	0.032	-58.987	1.032	-57.987	1.032	-49.987	-7.968	-57.987	-14.968	-61.987	-15.968	-60.987	-16.968	-59.987	-15.968	-59.987	0.032	-58.987	1.032	-57.987	1.032	-40.987	0.032	-39.987	-1.968	-30.987	-30.968	-29.987	-28.968	-20.987	-1.968	-19.987	0.032	-18.987	-1.968	-10.987	-30.968	-9.987	-28.968	
0.010	0.025	-59.990	0.025	-58.990	1.025	-57.990	1.025	-49.990	-7.975	-57.990	-14.975	-61.990	-15.975	-60.990	-16.975	-59.990	-15.975	-59.990	0.025	-58.990	1.025	-57.990	1.025	-40.990	0.025	-39.990	-1.975	-30.990	-30.975	-29.990	-28.975	-20.990	-1.975	-19.990	0.025	-18.990	-1.975	-10.990	-30.975	-9.990	-28.975	
0.008	0.021	-59.992	0.021	-58.992	1.021	-57.992	1.021	-49.992	-7.979	-57.992	-14.979	-61.992	-15.979	-60.992	-16.979	-59.992	-15.979	-59.992	0.021	-58.992	1.021	-57.992	1.021	-40.992	0.021	-39.992	-1.979	-30.992	-30.979	-29.992	-28.979	-20.992	-1.979	-19.992	0.021	-18.992	-1.979	-10.992	-30.979	-9.992	-28.979	
