dx		dy		dx0		dy0		dx1		dy1		dx2		dy2		dx3		dy3		dx4		dy4		dx5		dy5		dx6		dy6		dx7		dy7		dx8		dy8		dx9		dy9		dx10		dy10		dx11		dy11		dx12		dy12		dx13		dy13		dx14		dy14		dx15		dy15		dx16		dy16		dx17		dy17		dx18		dy18		dx19		dy19		dx20		dy20		dx21		dy211.016	-2.001	-18.984	-0.001	-17.984	0.999	-16.984	0.999	-8.984	-8.001	-16.984	-16.001	-18.984	-0.001	-17.984	0.999	-16.984	0.999	0.016	-0.001	1.016	-2.001	10.016	-31.001	11.016	-29.001	20.016	-2.001	21.016	-0.001	22.016	-2.001	30.016	-31.001	31.016	-29.001	
0.683	-1.867	-19.317	0.133	-18.317	1.133	-17.317	1.133	-9.317	-7.867	-17.317	-15.867	-19.317	0.133	-18.317	1.133	-17.317	1.133	-0.317	0.133	0.683	-1.867	9.683	-30.867	10.683	-28.867	19.683	-1.867	20.683	0.133	21.683	-1.867	29.683	-30.867	30.683	-28.867	
0.429	-1.674	-19.571	0.326	-18.571	1.326	-17.571	1.326	-9.571	-7.674	-17.571	-15.674	-19.571	0.326	-18.571	1.326	-17.571	1.326	-0.571	0.326	0.429	-1.674	9.429	-30.674	10.429	-28.674	19.429	-1.674	20.429	0.326	21.429	-1.674	29.429	-30.674	30.429	-28.674	
0.250	-1.464	-19.750	0.536	-18.750	1.536	-17.750	1.536	-9.750	-7.464	-17.750	-15.464	-19.750	0.536	-18.750	1.536	-17.750	1.536	-0.750	0.536	0.250	-1.464	9.250	-30.464	10.250	-28.464	19.250	-1.464	20.250	0.536	21.250	-1.464	29.250	-30.464	30.250	-28.464	
0.129	-1.260	-19.871	0.740	-18.871	1.740	-17.871	1.740	-9.871	-7.260	-17.871	-15.260	-19.871	0.740	-18.871	1.740	-17.871	1.740	-0.871	0.740	0.129	-1.260	9.129	-30.260	10.129	-28.260	19.129	-1.260	20.129	0.740	21.129	-1.260	29.129	-30.260	30.129	-28.260	
0.051	-1.073	-19.949	0.927	-18.949	1.927	-17.949	1.927	-9.949	-7.073	-17.949	-15.073	-19.949	0.927	-18.949	1.927	-17.949	1.927	-0.949	0.927	0.051	-1.073	9.051	-30.073	10.051	-28.073	19.051	-1.073	20.051	0.927	21.051	-1.073	29.051	-30.073	30.051	-28.073	
0.002	-0.908	-19.998	1.092	-18.998	2.092	-17.998	2.092	-9.998	-6.908	-17.998	-14.908	-19.998	1.092	-18.998	2.092	-17.998	2.092	-0.998	1.092	0.002	-0.908	9.002	-29.908	10.002	-27.908	19.002	-0.908	20.002	1.092	21.002	-0.908	29.002	-29.908	30.002	-27.908	
-0.026	-0.765	-20.026	1.235	-19.026	2.235	-18.026	2.235	-10.026	-6.765	-18.026	-14.765	-20.026	1.235	-19.026	2.235	-18.026	2.235	-1.026	1.235	-0.026	-0.765	8.974	-29.765	9.974	-27.765	18.974	-0.765	19.974	1.235	20.974	-0.765	28.974	-29.765	29.974	-27.765	
-0.040	-0.644	-20.040	1.356	-19.040	2.356	-18.040	2.356	-10.040	-6.644	-18.040	-14.644	-20.040	1.356	-19.040	2.356	-18.040	2.356	-1.040	1.356	-0.040	-0.644	8.960	-29.644	9.960	-27.644	18.960	-0.644	19.960	1.356	20.960	-0.644	28.960	-29.644	29.960	-27.644	
-0.047	-0.541	-20.047	1.459	-19.047	2.459	-18.047	2.459	-10.047	-6.541	-18.047	-14.541	-20.047	1.459	-19.047	2.459	-18.047	2.459	-1.047	1.459	-0.047	-0.541	8.953	-29.541	9.953	-27.541	18.953	-0.541	19.953	1.459	20.953	-0.541	28.953	-29.541	29.953	-27.541	
-0.048	-0.454	-20.048	1.546	-19.048	2.546	-18.048	2.546	-10.048	-6.454	-18.048	-14.454	-20.048	1.546	-19.048	2.546	-18.048	2.546	-1.048	1.546	-0.048	-0.454	8.952	-29.454	9.952	-27.454	18.952	-0.454	19.952	1.546	20.952	-0.454	28.952	-29.454	29.952	-27.454	
-0.046	-0.381	-20.046	1.619	-19.046	2.619	-18.046	2.619	-10.046	-6.381	-18.046	-14.381	-20.046	1.619	-19.046	2.619	-18.046	2.619	-1.046	1.619	-0.046	-0.381	8.954	-29.381	9.954	-27.381	18.954	-0.381	19.954	1.619	20.954	-0.381	28.954	-29.381	29.954	-27.381	
-0.043	-0.320	-20.043	1.680	-19.043	2.680	-18.043	2.680	-10.043	-6.320	-18.043	-14.320	-20.043	1.680	-19.043	2.680	-18.043	2.680	-1.043	1.680	-0.043	-0.320	8.957	-29.320	9.957	-27.320	18.957	-0.320	19.957	1.680	20.957	-0.320	28.957	-29.320	29.957	-27.320	
-0.039	-0.268	-20.039	1.732	-19.039	2.732	-18.039	2.732	-10.039	-6.268	-18.039	-14.268	-20.039	1.732	-19.039	2.732	-18.039	2.732	-1.039	1.732	-0.039	-0.268	8.961	-29.268	9.961	-27.268	18.961	-0.268	19.961	1.732	20.961	-0.268	28.961	-29.268	29.961	-27.268	
-0.035	-0.225	-20.035	1.775	-19.035	2.775	-18.035	2.775	-10.035	-6.225	-18.035	-14.225	-20.035	1.775	-19.035	2.775	-18.035	2.775	-1.035	1.775	-0.035	-0.225	8.965	-29.225	9.965	-27.225	18.965	-0.225	19.965	1.775	20.965	-0.225	28.965	-29.225	29.965	-27.225	
-0.030	-0.189	-20.030	1.811	-19.030	2.811	-18.030	2.811	-10.030	-6.189	-18.030	-14.189	-20.030	1.811	-19.030	2.811	-18.030	2.811	-1.030	1.811	-0.030	-0.189	8.970	-29.189	9.970	-27.189	18.970	-0.189	19.970	1.811	20.970	-0.189	28.970	-29.189	29.970	-27.189	
-0.026	-0.158	-20.026	1.842	-19.026	2.842	-18.026	2.842	-10.026	-6.158	-18.026	-14.158	-20.026	1.842	-19.026	2.842	-18.026	2.842	-1.026	1.842	-0.026	-0.158	8.974	-29.158	9.974	-27.158	18.974	-0.158	19.974	1.842	20.974	-0.158	28.974	-29.158	29.974	-27.158	
-0.023	-0.133	-20.023	1.867	-19.023	2.867	-18.023	2.867	-10.023	-6.133	-18.023	-14.133	-20.023	1.867	-19.023	2.867	-18.023	2.867	-1.023	1.867	-0.023	-0.133	8.977	-29.133	9.977	-27.133	18.977	-0.133	19.977	1.867	20.977	-0.133	28.977	-29.133	29.977	-27.133	
-0.019	-0.112	-20.019	1.888	-19.019	2.888	-18.019	2.888	-10.019	-6.112	-18.019	-14.112	-20.019	1.888	-19.019	2.888	-18.019	2.888	-1.019	1.888	-0.019	-0.112	8.981	-29.112	9.981	-27.112	18.981	-0.112	19.981	1.888	20.981	-0.112	28.981	-29.112	29.981	-27.112	
-0.017	-0.094	-20.017	1.906	-19.017	2.906	-18.017	2.906	-10.017	-6.094	-18.017	-14.094	-20.017	1.906	-19.017	2.906	-18.017	2.906	-1.017	1.906	-0.017	-0.094	8.983	-29.094	9.983	-27.094	18.983	-0.094	19.983	1.906	20.983	-0.094	28.983	-29.094	29.983	-27.094	
-0.014	-0.079	-20.014	1.921	-19.014	2.921	-18.014	2.921	-10.014	-6.079	-18.014	-14.079	-20.014	1.921	-19.014	2.921	-18.014	2.921	-1.014	1.921	-0.014	-0.079	8.986	-29.079	9.986	-27.079	18.986	-0.079	19.986	1.921	20.986	-0.079	28.986	-29.079	29.986	-27.079	
-0.012	-0.066	-20.012	1.934	-19.012	2.934	-18.012	2.934	-10.012	-6.066	-18.012	-14.066	-20.012	1.934	-19.012	2.934	-18.012	2.934	-1.012	1.934	-0.012	-0.066	8.988	-29.066	9.988	-27.066	18.988	-0.066	19.988	1.934	20.988	-0.066	28.988	-29.066	29.988	-27.066	
-0.010	-0.056	-20.010	1.944	-19.010	2.944	-18.010	2.944	-10.010	-6.056	-18.010	-14.056	-20.010	1.944	-19.010	2.944	-18.010	2.944	-1.010	1.944	-0.010	-0.056	8.990	-29.056	9.990	-27.056	18.990	-0.056	19.990	1.944	20.990	-0.056	28.990	-29.056	29.990	-27.056	
-0.007	-0.036	-20.007	1.964	-19.007	2.964	-18.007	2.964	-10.007	-6.036	-18.007	-14.036	-20.007	1.964	-19.007	2.964	-18.007	2.964	-1.007	1.964	-0.007	-0.036	8.993	-29.036	9.993	-27.036	18.993	-0.036	19.993	1.964	20.993	-0.036	28.993	-29.036	29.993	-27.036	
-0.006	-0.030	-20.006	1.970	-19.006	2.970	-18.006	2.970	-10.006	-6.030	-18.006	-14.030	-20.006	1.970	-19.006	2.970	-18.006	2.970	-1.006	1.970	-0.006	-0.030	8.994	-29.030	9.994	-27.030	18.994	-0.030	19.994	1.970	20.994	-0.030	28.994	-29.030	29.994	-27.030	
-0.005	-0.025	-20.005	1.975	-19.005	2.975	-18.005	2.975	-10.005	-6.025	-18.005	-14.025	-20.005	1.975	-19.005	2.975	-18.005	2.975	-1.005	1.975	-0.005	-0.025	8.995	-29.025	9.995	-27.025	18.995	-0.025	19.995	1.975	20.995	-0.025	28.995	-29.025	29.995	-27.025	
-0.004	-0.021	-20.004	1.979	-19.004	2.979	-18.004	2.979	-10.004	-6.021	-18.004	-14.021	-20.004	1.979	-19.004	2.979	-18.004	2.979	-1.004	1.979	-0.004	-0.021	8.996	-29.021	9.996	-27.021	18.996	-0.021	19.996	1.979	20.996	-0.021	28.996	-29.021	29.996	-27.021	
