dx		dy		dx0		dy0		dx1		dy1		dx2		dy2		dx3		dy3		dx4		dy4		dx5		dy5		dx6		dy6		dx7		dy7		dx8		dy8		dx9		dy9		dx10		dy10		dx11		dy11		dx12		dy12		dx13		dy13		dx14		dy14		dx15		dy15		dx16		dy16		dx17		dy17		dx18		dy18		dx19		dy19		dx20		dy20		dx21		dy217.990	-29.015	-41.010	1.985	-40.010	2.985	-39.010	2.985	-31.010	-6.015	-39.010	-14.015	-41.010	1.985	-40.010	2.985	-39.010	2.985	-22.010	1.985	-21.010	-0.015	-12.010	-29.015	-11.010	-27.015	-2.010	-0.015	-1.010	1.985	-0.010	-0.015	7.990	-29.015	8.990	-27.015	
8.189	-28.406	-40.811	2.594	-39.811	3.594	-38.811	3.594	-30.811	-5.406	-38.811	-13.406	-40.811	2.594	-39.811	3.594	-38.811	3.594	-21.811	2.594	-20.811	0.594	-11.811	-28.406	-10.811	-26.406	-1.811	0.594	-0.811	2.594	0.189	0.594	8.189	-28.406	9.189	-26.406	
8.269	-27.771	-40.731	3.229	-39.731	4.229	-38.731	4.229	-30.731	-4.771	-38.731	-12.771	-40.731	3.229	-39.731	4.229	-38.731	4.229	-21.731	3.229	-20.731	1.229	-11.731	-27.771	-10.731	-25.771	-1.731	1.229	-0.731	3.229	0.269	1.229	8.269	-27.771	9.269	-25.771	
8.264	-27.131	-40.736	3.869	-39.736	4.869	-38.736	4.869	-30.736	-4.131	-38.736	-12.131	-40.736	3.869	-39.736	4.869	-38.736	4.869	-21.736	3.869	-20.736	1.869	-11.736	-27.131	-10.736	-25.131	-1.736	1.869	-0.736	3.869	0.264	1.869	8.264	-27.131	9.264	-25.131	
8.200	-26.495	-40.800	4.505	-39.800	5.505	-38.800	5.505	-30.800	-3.495	-38.800	-11.495	-40.800	4.505	-39.800	5.505	-38.800	5.505	-21.800	4.505	-20.800	2.505	-11.800	-26.495	-10.800	-24.495	-1.800	2.505	-0.800	4.505	0.200	2.505	8.200	-26.495	9.200	-24.495	
8.095	-25.863	-40.905	5.137	-39.905	6.137	-38.905	6.137	-30.905	-2.863	-38.905	-10.863	-40.905	5.137	-39.905	6.137	-38.905	6.137	-21.905	5.137	-20.905	3.137	-11.905	-25.863	-10.905	-23.863	-1.905	3.137	-0.905	5.137	0.095	3.137	8.095	-25.863	9.095	-23.863	
7.963	-25.237	-41.037	5.763	-40.037	6.763	-39.037	6.763	-31.037	-2.237	-39.037	-10.237	-41.037	5.763	-40.037	6.763	-39.037	6.763	-22.037	5.763	-21.037	3.763	-12.037	-25.237	-11.037	-23.237	-2.037	3.763	-1.037	5.763	-0.037	3.763	7.963	-25.237	8.963	-23.237	
7.811	-24.615	-41.189	6.385	-40.189	7.385	-39.189	7.385	-31.189	-1.615	-39.189	-9.615	-41.189	6.385	-40.189	7.385	-39.189	7.385	-22.189	6.385	-21.189	4.385	-12.189	-24.615	-11.189	-22.615	-2.189	4.385	-1.189	6.385	-0.189	4.385	7.811	-24.615	8.811	-22.615	
7.646	-23.997	-41.354	7.003	-40.354	8.003	-39.354	8.003	-31.354	-0.997	-39.354	-8.997	-41.354	7.003	-40.354	8.003	-39.354	8.003	-22.354	7.003	-21.354	5.003	-12.354	-23.997	-11.354	-21.997	-2.354	5.003	-1.354	7.003	-0.354	5.003	7.646	-23.997	8.646	-21.997	
7.471	-23.381	-41.529	7.619	-40.529	8.619	-39.529	8.619	-31.529	-0.381	-39.529	-8.381	-41.529	7.619	-40.529	8.619	-39.529	8.619	-22.529	7.619	-21.529	5.619	-12.529	-23.381	-11.529	-21.381	-2.529	5.619	-1.529	7.619	-0.529	5.619	7.471	-23.381	8.471	-21.381	
7.290	-22.768	-41.710	8.232	-40.710	9.232	-39.710	9.232	-31.710	0.232	-39.710	-7.768	-41.710	8.232	-40.710	9.232	-39.710	9.232	-22.710	8.232	-21.710	6.232	-12.710	-22.768	-11.710	-20.768	-2.710	6.232	-1.710	8.232	-0.710	6.232	7.290	-22.768	8.290	-20.768	
7.104	-22.155	-41.896	8.845	-40.896	9.845	-39.896	9.845	-31.896	0.845	-39.896	-7.155	-41.896	8.845	-40.896	9.845	-39.896	9.845	-22.896	8.845	-21.896	6.845	-12.896	-22.155	-11.896	-20.155	-2.896	6.845	-1.896	8.845	-0.896	6.845	7.104	-22.155	8.104	-20.155	
6.916	-21.544	-42.084	9.456	-41.084	10.456	-40.084	10.456	-32.084	1.456	-40.084	-6.544	-42.084	9.456	-41.084	10.456	-40.084	10.456	-23.084	9.456	-22.084	7.456	-13.084	-21.544	-12.084	-19.544	-3.084	7.456	-2.084	9.456	-1.084	7.456	6.916	-21.544	7.916	-19.544	
6.725	-20.933	-42.275	10.067	-41.275	11.067	-40.275	11.067	-32.275	2.067	-40.275	-5.933	-42.275	10.067	-41.275	11.067	-40.275	11.067	-23.275	10.067	-22.275	8.067	-13.275	-20.933	-12.275	-18.933	-3.275	8.067	-2.275	10.067	-1.275	8.067	6.725	-20.933	7.725	-18.933	
6.532	-20.322	-42.468	10.678	-41.468	11.678	-40.468	11.678	-32.468	2.678	-40.468	-5.322	-42.468	10.678	-41.468	11.678	-40.468	11.678	-23.468	10.678	-22.468	8.678	-13.468	-20.322	-12.468	-18.322	-3.468	8.678	-2.468	10.678	-1.468	8.678	6.532	-20.322	7.532	-18.322	
6.339	-19.712	-42.661	11.288	-41.661	12.288	-40.661	12.288	-32.661	3.288	-40.661	-4.712	-42.661	11.288	-41.661	12.288	-40.661	12.288	-23.661	11.288	-22.661	9.288	-13.661	-19.712	-12.661	-17.712	-3.661	9.288	-2.661	11.288	-1.661	9.288	6.339	-19.712	7.339	-17.712	
6.144	-19.102	-42.856	11.898	-42.051	13.507	-41.051	13.507	-33.051	4.507	-41.051	-3.493	-43.051	12.507	-42.051	13.507	-41.051	13.507	-24.051	12.507	-23.051	10.507	-14.051	-18.493	-13.051	-16.493	-4.051	10.507	-3.051	12.507	-2.051	10.507	5.949	-18.493	6.949	-16.493	
5.754	-17.884	-43.246	13.116	-42.246	14.116	-41.246	14.116	-33.246	5.116	-41.246	-2.884	-43.246	13.116	-42.246	14.116	-41.246	14.116	-24.246	13.116	-23.246	11.116	-14.246	-17.884	-13.246	-15.884	-4.246	11.116	-3.246	13.116	-2.246	11.116	5.754	-17.884	6.754	-15.884	
5.558	-17.274	-43.442	13.726	-42.442	14.726	-41.442	14.726	-33.442	5.726	-41.442	-2.274	-43.442	13.726	-42.442	14.726	-41.442	14.726	-24.442	13.726	-23.442	11.726	-14.442	-17.274	-13.442	-15.274	-4.442	11.726	-3.442	13.726	-2.442	11.726	5.558	-17.274	6.558	-15.274	
5.362	-16.665	-43.638	14.335	-42.638	15.335	-41.638	15.335	-33.638	6.335	-41.638	-1.665	-43.638	14.335	-42.638	15.335	-41.638	15.335	-24.638	14.335	-23.638	12.335	-14.638	-16.665	-13.638	-14.665	-4.638	12.335	-3.638	14.335	-2.638	12.335	5.362	-16.665	6.362	-14.665	
5.166	-16.056	-43.834	14.944	-42.834	15.944	-41.834	15.944	-33.834	6.944	-41.834	-1.056	-43.834	14.944	-42.834	15.944	-41.834	15.944	-24.834	14.944	-23.834	12.944	-14.834	-16.056	-13.834	-14.056	-4.834	12.944	-3.834	14.944	-2.834	12.944	5.166	-16.056	6.166	-14.056	
4.970	-15.446	-44.030	15.554	-43.030	16.554	-42.030	16.554	-34.030	7.554	-42.030	-0.446	-44.030	15.554	-43.030	16.554	-42.030	16.554	-25.030	15.554	-24.030	13.554	-15.030	-15.446	-14.030	-13.446	-5.030	13.554	-4.030	15.554	-3.030	13.554	4.970	-15.446	5.970	-13.446	
4.774	-14.837	-44.226	16.163	-43.226	17.163	-42.226	17.163	-34.226	8.163	-42.226	0.163	-44.226	16.163	-43.226	17.163	-42.226	17.163	-25.226	16.163	-24.226	14.163	-15.226	-14.837	-14.226	-12.837	-5.226	14.163	-4.226	16.163	-3.226	14.163	4.774	-14.837	5.774	-12.837	
4.578	-14.228	-44.422	16.772	-43.422	17.772	-42.422	17.772	-34.422	8.772	-42.422	0.772	-44.422	16.772	-43.422	17.772	-42.422	17.772	-25.422	16.772	-24.422	14.772	-15.422	-14.228	-14.422	-12.228	-5.422	14.772	-4.422	16.772	-3.422	14.772	4.578	-14.228	5.578	-12.228	
4.382	-13.619	-44.618	17.381	-43.618	18.381	-42.618	18.381	-34.618	9.381	-42.618	1.381	-44.618	17.381	-43.618	18.381	-42.618	18.381	-25.618	17.381	-24.618	15.381	-15.618	-13.619	-14.618	-11.619	-5.618	15.381	-4.618	17.381	-3.618	15.381	4.382	-13.619	5.382	-11.619	
4.186	-13.009	-44.814	17.991	-43.814	18.991	-42.814	18.991	-34.814	9.991	-42.814	1.991	-44.814	17.991	-43.814	18.991	-42.814	18.991	-25.814	17.991	-24.814	15.991	-15.814	-13.009	-14.814	-11.009	-5.814	15.991	-4.814	17.991	-3.814	15.991	4.186	-13.009	5.186	-11.009	
3.990	-12.400	-45.010	18.600	-44.010	19.600	-43.010	19.600	-35.010	10.600	-43.010	2.600	-45.010	18.600	-44.010	19.600	-43.010	19.600	-26.010	18.600	-25.010	16.600	-16.010	-12.400	-15.010	-10.400	-6.010	16.600	-5.010	18.600	-4.010	16.600	3.990	-12.400	4.990	-10.400	
3.794	-11.791	-45.206	19.209	-44.206	20.209	-43.206	20.209	-35.206	11.209	-43.206	3.209	-45.206	19.209	-44.206	20.209	-43.206	20.209	-26.206	19.209	-25.206	17.209	-16.206	-11.791	-15.206	-9.791	-6.206	17.209	-5.206	19.209	-4.206	17.209	3.794	-11.791	4.794	-9.791	
3.598	-11.182	-45.402	19.818	-44.402	20.818	-43.402	20.818	-35.402	11.818	-43.402	3.818	-45.402	19.818	-44.402	20.818	-43.402	20.818	-26.402	19.818	-25.402	17.818	-16.402	-11.182	-15.402	-9.182	-6.402	17.818	-5.402	19.818	-4.402	17.818	3.598	-11.182	4.598	-9.182	
3.402	-10.572	-45.598	20.428	-44.598	21.428	-43.598	21.428	-35.598	12.428	-43.598	4.428	-45.598	20.428	-44.598	21.428	-43.598	21.428	-26.598	20.428	-25.598	18.428	-16.598	-10.572	-15.598	-8.572	-6.598	18.428	-5.598	20.428	-4.598	18.428	3.402	-10.572	4.402	-8.572	
3.206	-9.963	-45.794	21.037	-44.794	22.037	-43.794	22.037	-35.794	13.037	-43.794	5.037	-45.794	21.037	-44.794	22.037	-43.794	22.037	-26.794	21.037	-25.794	19.037	-16.794	-9.963	-15.794	-7.963	-6.794	19.037	-5.794	21.037	-4.794	19.037	3.206	-9.963	4.206	-7.963	
3.010	-9.354	-45.990	21.646	-44.990	22.646	-43.990	22.646	-35.990	13.646	-43.990	5.646	-45.990	21.646	-44.990	22.646	-43.990	22.646	-26.990	21.646	-25.990	19.646	-16.990	-9.354	-15.990	-7.354	-6.990	19.646	-5.990	21.646	-4.990	19.646	3.010	-9.354	4.010	-7.354	
2.814	-8.745	-46.186	22.255	-45.186	23.255	-44.186	23.255	-36.186	14.255	-44.186	6.255	-46.186	22.255	-45.186	23.255	-44.186	23.255	-27.186	22.255	-26.186	20.255	-17.186	-8.745	-16.186	-6.745	-7.186	20.255	-6.186	22.255	-5.186	20.255	2.814	-8.745	3.814	-6.745	
2.618	-8.135	-46.382	22.865	-45.382	23.865	-44.382	23.865	-36.382	14.865	-44.382	6.865	-46.382	22.865	-45.382	23.865	-44.382	23.865	-27.382	22.865	-26.382	20.865	-17.382	-8.135	-16.382	-6.135	-7.382	20.865	-6.382	22.865	-5.382	20.865	2.618	-8.135	3.618	-6.135	
2.422	-7.526	-46.578	23.474	-45.578	24.474	-44.578	24.474	-36.578	15.474	-44.578	7.474	-46.578	23.474	-45.578	24.474	-44.578	24.474	-27.578	23.474	-26.578	21.474	-17.578	-7.526	-16.578	-5.526	-7.578	21.474	-6.578	23.474	-5.578	21.474	2.422	-7.526	3.422	-5.526	
2.226	-6.917	-46.774	24.083	-45.774	25.083	-44.774	25.083	-36.774	16.083	-44.774	8.083	-46.774	24.083	-45.774	25.083	-44.774	25.083	-27.774	24.083	-26.774	22.083	-17.774	-6.917	-16.774	-4.917	-7.774	22.083	-6.774	24.083	-5.774	22.083	2.226	-6.917	3.226	-4.917	
2.030	-6.308	-46.970	24.692	-45.970	25.692	-44.970	25.692	-36.970	16.692	-44.970	8.692	-46.970	24.692	-45.970	25.692	-44.970	25.692	-27.970	24.692	-26.970	22.692	-17.970	-6.308	-16.970	-4.308	-7.970	22.692	-6.970	24.692	-5.970	22.692	2.030	-6.308	3.030	-4.308	
1.834	-5.699	-47.166	25.301	-46.166	26.301	-45.166	26.301	-37.166	17.301	-45.166	9.301	-47.166	25.301	-46.166	26.301	-45.166	26.301	-28.166	25.301	-27.166	23.301	-18.166	-5.699	-17.166	-3.699	-8.166	23.301	-7.166	25.301	-6.166	23.301	1.834	-5.699	2.834	-3.699	
1.638	-5.089	-47.362	25.911	-46.362	26.911	-45.362	26.911	-37.362	17.911	-45.362	9.911	-47.362	25.911	-46.362	26.911	-45.362	26.911	-28.362	25.911	-27.362	23.911	-18.362	-5.089	-17.362	-3.089	-8.362	23.911	-7.362	25.911	-6.362	23.911	1.638	-5.089	2.638	-3.089	
1.442	-4.480	-47.558	26.520	-46.558	27.520	-45.558	27.520	-37.558	18.520	-45.558	10.520	-47.558	26.520	-46.558	27.520	-45.558	27.520	-28.558	26.520	-27.558	24.520	-18.558	-4.480	-17.558	-2.480	-8.558	24.520	-7.558	26.520	-6.558	24.520	1.442	-4.480	2.442	-2.480	
1.246	-3.871	-47.754	27.129	-46.754	28.129	-45.754	28.129	-37.754	19.129	-45.950	11.738	-47.950	27.738	-46.950	28.738	-45.950	28.738	-28.950	27.738	-27.950	25.738	-18.950	-3.262	-17.950	-1.262	-8.950	25.738	-7.950	27.738	-6.950	25.738	1.050	-3.262	2.050	-1.262	
0.854	-2.652	-48.146	28.348	-47.146	29.348	-46.146	29.348	-38.146	20.348	-46.146	12.348	-48.146	28.348	-47.146	29.348	-46.146	29.348	-29.146	28.348	-28.146	26.348	-19.146	-2.652	-18.146	-0.652	-9.146	26.348	-8.146	28.348	-7.146	26.348	0.854	-2.652	1.854	-0.652	
0.717	-2.228	-48.283	28.772	-47.283	29.772	-46.283	29.772	-38.283	20.772	-46.283	12.772	-48.283	28.772	-47.283	29.772	-46.283	29.772	-29.283	28.772	-28.283	26.772	-19.283	-2.228	-18.283	-0.228	-9.283	26.772	-8.283	28.772	-7.283	26.772	0.717	-2.228	1.717	-0.228	
0.602	-1.872	-48.398	29.128	-47.398	30.128	-46.398	30.128	-38.398	21.128	-46.398	13.128	-48.398	29.128	-47.398	30.128	-46.398	30.128	-29.398	29.128	-28.398	27.128	-19.398	-1.872	-18.398	0.128	-9.398	27.128	-8.398	29.128	-7.398	27.128	0.602	-1.872	1.602	0.128	
0.506	-1.572	-48.494	29.428	-47.494	30.428	-46.494	30.428	-38.494	21.428	-46.494	13.428	-48.494	29.428	-47.494	30.428	-46.494	30.428	-29.494	29.428	-28.494	27.428	-19.494	-1.572	-18.494	0.428	-9.494	27.428	-8.494	29.428	-7.494	27.428	0.506	-1.572	1.506	0.428	
0.425	-1.321	-48.575	29.679	-47.575	30.679	-46.575	30.679	-38.575	21.679	-46.575	13.679	-48.575	29.679	-47.575	30.679	-46.575	30.679	-29.575	29.679	-28.575	27.679	-19.575	-1.321	-18.575	0.679	-9.575	27.679	-8.575	29.679	-7.575	27.679	0.425	-1.321	1.425	0.679	
0.357	-1.109	-48.643	29.891	-47.643	30.891	-46.643	30.891	-38.643	21.891	-46.643	13.891	-48.643	29.891	-47.643	30.891	-46.643	30.891	-29.643	29.891	-28.643	27.891	-19.643	-1.109	-18.643	0.891	-9.643	27.891	-8.643	29.891	-7.643	27.891	0.357	-1.109	1.357	0.891	
0.300	-0.932	-48.700	30.068	-47.700	31.068	-46.700	31.068	-38.700	22.068	-46.700	14.068	-48.700	30.068	-47.700	31.068	-46.700	31.068	-29.700	30.068	-28.700	28.068	-19.700	-0.932	-18.700	1.068	-9.700	28.068	-8.700	30.068	-7.700	28.068	0.300	-0.932	1.300	1.068	
0.252	-0.783	-48.748	30.217	-47.748	31.217	-46.748	31.217	-38.748	22.217	-46.748	14.217	-48.748	30.217	-47.748	31.217	-46.748	31.217	-29.748	30.217	-28.748	28.217	-19.748	-0.783	-18.748	1.217	-9.748	28.217	-8.748	30.217	-7.748	28.217	0.252	-0.783	1.252	1.217	
0.212	-0.657	-48.788	30.343	-47.788	31.343	-46.788	31.343	-38.788	22.343	-46.788	14.343	-48.788	30.343	-47.788	31.343	-46.788	31.343	-29.788	30.343	-28.788	28.343	-19.788	-0.657	-18.788	1.343	-9.788	28.343	-8.788	30.343	-7.788	28.343	0.212	-0.657	1.212	1.343	
0.178	-0.552	-48.822	30.448	-47.822	31.448	-46.822	31.448	-38.822	22.448	-46.822	14.448	-48.822	30.448	-47.822	31.448	-46.822	31.448	-29.822	30.448	-28.822	28.448	-19.822	-0.552	-18.822	1.448	-9.822	28.448	-8.822	30.448	-7.822	28.448	0.178	-0.552	1.178	1.448	
0.149	-0.464	-48.851	30.536	-47.851	31.536	-46.851	31.536	-38.851	22.536	-46.851	14.536	-48.851	30.536	-47.851	31.536	-46.851	31.536	-29.851	30.536	-28.851	28.536	-19.851	-0.464	-18.851	1.536	-9.851	28.536	-8.851	30.536	-7.851	28.536	0.149	-0.464	1.149	1.536	
0.125	-0.390	-48.875	30.610	-47.875	31.610	-46.875	31.610	-38.875	22.610	-46.875	14.610	-48.875	30.610	-47.875	31.610	-46.875	31.610	-29.875	30.610	-28.875	28.610	-19.875	-0.390	-18.875	1.610	-9.875	28.610	-8.875	30.610	-7.875	28.610	0.125	-0.390	1.125	1.610	
0.105	-0.327	-48.895	30.673	-47.895	31.673	-46.895	31.673	-38.895	22.673	-46.895	14.673	-48.895	30.673	-47.895	31.673	-46.895	31.673	-29.895	30.673	-28.895	28.673	-19.895	-0.327	-18.895	1.673	-9.895	28.673	-8.895	30.673	-7.895	28.673	0.105	-0.327	1.105	1.673	
0.088	-0.275	-48.912	30.725	-47.912	31.725	-46.912	31.725	-38.912	22.725	-46.912	14.725	-48.912	30.725	-47.912	31.725	-46.912	31.725	-29.912	30.725	-28.912	28.725	-19.912	-0.275	-18.912	1.725	-9.912	28.725	-8.912	30.725	-7.912	28.725	0.088	-0.275	1.088	1.725	
0.074	-0.231	-48.926	30.769	-47.926	31.769	-46.926	31.769	-38.926	22.769	-46.926	14.769	-48.926	30.769	-47.926	31.769	-46.926	31.769	-29.926	30.769	-28.926	28.769	-19.926	-0.231	-18.926	1.769	-9.926	28.769	-8.926	30.769	-7.926	28.769	0.074	-0.231	1.074	1.769	
0.062	-0.194	-48.938	30.806	-47.938	31.806	-46.938	31.806	-38.938	22.806	-46.938	14.806	-48.938	30.806	-47.938	31.806	-46.938	31.806	-29.938	30.806	-28.938	28.806	-19.938	-0.194	-18.938	1.806	-9.938	28.806	-8.938	30.806	-7.938	28.806	0.062	-0.194	1.062	1.806	
0.052	-0.163	-48.948	30.837	-47.948	31.837	-46.948	31.837	-38.948	22.837	-46.948	14.837	-48.948	30.837	-47.948	31.837	-46.948	31.837	-29.948	30.837	-28.948	28.837	-19.948	-0.163	-18.948	1.837	-9.948	28.837	-8.948	30.837	-7.948	28.837	0.052	-0.163	1.052	1.837	
0.044	-0.137	-48.956	30.863	-47.956	31.863	-46.956	31.863	-38.956	22.863	-46.956	14.863	-48.956	30.863	-47.956	31.863	-46.956	31.863	-29.956	30.863	-28.956	28.863	-19.956	-0.137	-18.956	1.863	-9.956	28.863	-8.956	30.863	-7.956	28.863	0.044	-0.137	1.044	1.863	
0.037	-0.115	-48.963	30.885	-47.963	31.885	-46.963	31.885	-38.963	22.885	-46.963	14.885	-48.963	30.885	-47.963	31.885	-46.963	31.885	-29.963	30.885	-28.963	28.885	-19.963	-0.115	-18.963	1.885	-9.963	28.885	-8.963	30.885	-7.963	28.885	0.037	-0.115	1.037	1.885	
0.031	-0.097	-48.969	30.903	-47.969	31.903	-46.969	31.903	-38.969	22.903	-46.969	14.903	-48.969	30.903	-47.969	31.903	-46.969	31.903	-29.969	30.903	-28.969	28.903	-19.969	-0.097	-18.969	1.903	-9.969	28.903	-8.969	30.903	-7.969	28.903	0.031	-0.097	1.031	1.903	
0.026	-0.081	-48.974	30.919	-47.974	31.919	-46.974	31.919	-38.974	22.919	-46.974	14.919	-48.974	30.919	-47.974	31.919	-46.974	31.919	-29.974	30.919	-28.974	28.919	-19.974	-0.081	-18.974	1.919	-9.974	28.919	-8.974	30.919	-7.974	28.919	0.026	-0.081	1.026	1.919	
0.022	-0.068	-48.978	30.932	-47.978	31.932	-46.978	31.932	-38.978	22.932	-46.978	14.932	-48.978	30.932	-47.978	31.932	-46.978	31.932	-29.978	30.932	-28.978	28.932	-19.978	-0.068	-18.978	1.932	-9.978	28.932	-8.978	30.932	-7.978	28.932	0.022	-0.068	1.022	1.932	
0.018	-0.057	-48.982	30.943	-47.982	31.943	-46.982	31.943	-38.982	22.943	-46.982	14.943	-48.982	30.943	-47.982	31.943	-46.982	31.943	-29.982	30.943	-28.982	28.943	-19.982	-0.057	-18.982	1.943	-9.982	28.943	-8.982	30.943	-7.982	28.943	0.018	-0.057	1.018	1.943	
0.015	-0.048	-48.985	30.952	-47.985	31.952	-46.985	31.952	-38.985	22.952	-46.985	14.952	-48.985	30.952	-47.985	31.952	-46.985	31.952	-29.985	30.952	-28.985	28.952	-19.985	-0.048	-18.985	1.952	-9.985	28.952	-8.985	30.952	-7.985	28.952	0.015	-0.048	1.015	1.952	
0.013	-0.040	-48.987	30.960	-47.987	31.960	-46.987	31.960	-38.987	22.960	-46.987	14.960	-48.987	30.960	-47.987	31.960	-46.987	31.960	-29.987	30.960	-28.987	28.967	-19.989	-0.033	-18.989	1.967	-9.989	28.967	-8.989	30.967	-7.989	28.967	0.011	-0.033	1.011	1.967	
0.008	-0.026	-48.992	30.974	-47.992	31.974	-46.992	31.974	-38.992	22.974	-46.992	14.974	-48.992	30.974	-47.992	31.974	-46.992	31.974	-29.992	30.974	-28.992	28.974	-19.992	-0.026	-18.992	1.974	-9.992	28.974	-8.992	30.974	-7.992	28.974	0.008	-0.026	1.008	1.974	
0.007	-0.022	-48.993	30.978	-47.993	31.978	-46.993	31.978	-38.993	22.978	-46.993	14.978	-48.993	30.978	-47.993	31.978	-46.993	31.978	-29.993	30.978	-28.993	28.978	-19.993	-0.022	-18.993	1.978	-9.993	28.978	-8.993	30.978	-7.993	28.978	0.007	-0.022	1.007	1.978	
