dx		dy		dx0		dy0		dx1		dy1		dx2		dy2		dx3		dy3		dx4		dy4		dx5		dy5		dx6		dy6		dx7		dy7		dx8		dy8		dx9		dy9		dx10		dy10		dx11		dy11		dx12		dy12		dx13		dy13		dx14		dy14		dx15		dy15		dx16		dy16		dx17		dy17		dx18		dy18		dx19		dy19		dx20		dy20		dx21		dy217.990	-29.014	-41.010	1.986	-40.010	2.986	-39.010	2.986	-31.010	-6.014	-39.010	-13.014	-43.010	-14.014	-42.010	-15.014	-41.010	-14.014	-41.010	1.986	-40.010	2.986	-39.010	2.986	-22.010	1.986	-21.010	-0.014	-12.010	-29.014	-11.010	-27.014	-2.010	-0.014	-1.010	1.986	-0.010	-0.014	7.990	-29.014	8.990	-27.014	
8.191	-28.406	-40.809	2.594	-39.809	3.594	-38.809	3.594	-30.809	-5.406	-38.809	-12.406	-42.809	-13.406	-41.809	-14.406	-40.809	-13.406	-40.809	2.594	-39.809	3.594	-38.809	3.594	-21.809	2.594	-20.809	0.594	-11.809	-28.406	-10.809	-26.406	-1.809	0.594	-0.809	2.594	0.191	0.594	8.191	-28.406	9.191	-26.406	
8.272	-27.772	-40.728	3.228	-39.728	4.228	-38.728	4.228	-30.728	-4.772	-38.728	-11.772	-42.728	-12.772	-41.728	-13.772	-40.728	-12.772	-40.728	3.228	-39.728	4.228	-38.728	4.228	-21.728	3.228	-20.728	1.228	-11.728	-27.772	-10.728	-25.772	-1.728	1.228	-0.728	3.228	0.272	1.228	8.272	-27.772	9.272	-25.772	
8.267	-27.132	-40.733	3.868	-39.733	4.868	-38.733	4.868	-30.733	-4.132	-38.733	-11.132	-42.733	-12.132	-41.733	-13.132	-40.733	-12.132	-40.733	3.868	-39.733	4.868	-38.733	4.868	-21.733	3.868	-20.733	1.868	-11.733	-27.132	-10.733	-25.132	-1.733	1.868	-0.733	3.868	0.267	1.868	8.267	-27.132	9.267	-25.132	
8.204	-26.495	-40.796	4.505	-39.796	5.505	-38.796	5.505	-30.796	-3.495	-38.796	-10.495	-42.796	-11.495	-41.796	-12.495	-40.796	-11.495	-40.796	4.505	-39.796	5.505	-38.796	5.505	-21.796	4.505	-20.796	2.505	-11.796	-26.495	-10.796	-24.495	-1.796	2.505	-0.796	4.505	0.204	2.505	8.204	-26.495	9.204	-24.495	
8.100	-25.863	-40.900	5.137	-39.900	6.137	-38.900	6.137	-30.900	-2.863	-38.900	-9.863	-42.900	-10.863	-41.900	-11.863	-40.900	-10.863	-40.900	5.137	-39.900	6.137	-38.900	6.137	-21.900	5.137	-20.900	3.137	-11.900	-25.863	-10.900	-23.863	-1.900	3.137	-0.900	5.137	0.100	3.137	8.100	-25.863	9.100	-23.863	
7.968	-25.237	-41.032	5.763	-40.032	6.763	-39.032	6.763	-31.032	-2.237	-39.032	-9.237	-43.032	-10.237	-42.032	-11.237	-41.032	-10.237	-41.032	5.763	-40.032	6.763	-39.032	6.763	-22.032	5.763	-21.032	3.763	-12.032	-25.237	-11.032	-23.237	-2.032	3.763	-1.032	5.763	-0.032	3.763	7.968	-25.237	8.968	-23.237	
7.816	-24.615	-41.184	6.385	-40.184	7.385	-39.184	7.385	-31.184	-1.615	-39.184	-8.615	-43.184	-9.615	-42.184	-10.615	-41.184	-9.615	-41.184	6.385	-40.184	7.385	-39.184	7.385	-22.184	6.385	-21.184	4.385	-12.184	-24.615	-11.184	-22.615	-2.184	4.385	-1.184	6.385	-0.184	4.385	7.816	-24.615	8.816	-22.615	
7.651	-23.997	-41.349	7.003	-40.349	8.003	-39.349	8.003	-31.349	-0.997	-39.349	-7.997	-43.349	-8.997	-42.349	-9.997	-41.349	-8.997	-41.349	7.003	-40.349	8.003	-39.349	8.003	-22.349	7.003	-21.349	5.003	-12.349	-23.997	-11.349	-21.997	-2.349	5.003	-1.349	7.003	-0.349	5.003	7.651	-23.997	8.651	-21.997	
7.476	-23.381	-41.524	7.619	-40.524	8.619	-39.524	8.619	-31.524	-0.381	-39.524	-7.381	-43.524	-8.381	-42.524	-9.381	-41.524	-8.381	-41.524	7.619	-40.524	8.619	-39.524	8.619	-22.524	7.619	-21.524	5.619	-12.524	-23.381	-11.524	-21.381	-2.524	5.619	-1.524	7.619	-0.524	5.619	7.476	-23.381	8.476	-21.381	
7.295	-22.768	-41.705	8.232	-40.705	9.232	-39.705	9.232	-31.705	0.232	-39.705	-6.768	-43.705	-7.768	-42.705	-8.768	-41.705	-7.768	-41.705	8.232	-40.705	9.232	-39.705	9.232	-22.705	8.232	-21.705	6.232	-12.705	-22.768	-11.705	-20.768	-2.705	6.232	-1.705	8.232	-0.705	6.232	7.295	-22.768	8.295	-20.768	
7.109	-22.155	-41.891	8.845	-40.891	9.845	-39.891	9.845	-31.891	0.845	-39.891	-6.155	-43.891	-7.155	-42.891	-8.155	-41.891	-7.155	-41.891	8.845	-40.891	9.845	-39.891	9.845	-22.891	8.845	-21.891	6.845	-12.891	-22.155	-11.891	-20.155	-2.891	6.845	-1.891	8.845	-0.891	6.845	7.109	-22.155	8.109	-20.155	
6.920	-21.544	-42.080	9.456	-41.080	10.456	-40.080	10.456	-32.080	1.456	-40.080	-5.544	-44.080	-6.544	-43.080	-7.544	-42.080	-6.544	-42.080	9.456	-41.080	10.456	-40.080	10.456	-23.080	9.456	-22.080	7.456	-13.080	-21.544	-12.080	-19.544	-3.080	7.456	-2.080	9.456	-1.080	7.456	6.920	-21.544	7.920	-19.544	
6.729	-20.933	-42.271	10.067	-41.271	11.067	-40.271	11.067	-32.271	2.067	-40.271	-4.933	-44.271	-5.933	-43.271	-6.933	-42.271	-5.933	-42.271	10.067	-41.271	11.067	-40.271	11.067	-23.271	10.067	-22.271	8.067	-13.271	-20.933	-12.271	-18.933	-3.271	8.067	-2.271	10.067	-1.271	8.067	6.729	-20.933	7.729	-18.933	
6.537	-20.322	-42.463	10.678	-41.463	11.678	-40.463	11.678	-32.463	2.678	-40.463	-4.322	-44.463	-5.322	-43.463	-6.322	-42.463	-5.322	-42.463	10.678	-41.463	11.678	-40.463	11.678	-23.463	10.678	-22.463	8.678	-13.463	-20.322	-12.463	-18.322	-3.463	8.678	-2.463	10.678	-1.463	8.678	6.537	-20.322	7.537	-18.322	
6.343	-19.712	-42.657	11.288	-41.657	12.288	-40.657	12.288	-32.657	3.288	-40.657	-3.712	-44.657	-4.712	-43.657	-5.712	-42.657	-4.712	-42.657	11.288	-41.657	12.288	-40.657	12.288	-23.657	11.288	-22.657	9.288	-13.657	-19.712	-12.657	-17.712	-3.657	9.288	-2.657	11.288	-1.657	9.288	6.343	-19.712	7.343	-17.712	
6.148	-19.103	-42.852	11.897	-41.852	12.897	-40.852	12.897	-32.852	3.897	-40.852	-3.103	-44.852	-4.103	-43.852	-5.103	-42.852	-4.103	-42.852	11.897	-41.852	12.897	-40.852	12.897	-23.852	11.897	-22.852	9.897	-13.852	-19.103	-12.852	-17.103	-3.852	9.897	-2.852	11.897	-1.852	9.897	6.148	-19.103	7.148	-17.103	
5.954	-18.493	-43.046	12.507	-42.046	13.507	-41.046	13.507	-33.046	4.507	-41.046	-2.493	-45.046	-3.493	-44.046	-4.493	-43.046	-3.493	-43.046	12.507	-42.046	13.507	-41.046	13.507	-24.046	12.507	-23.046	10.507	-14.046	-18.493	-13.046	-16.493	-4.046	10.507	-3.046	12.507	-2.046	10.507	5.954	-18.493	6.954	-16.493	
5.562	-17.274	-43.438	13.726	-42.438	14.726	-41.438	14.726	-33.438	5.726	-41.438	-1.274	-45.438	-2.274	-44.438	-3.274	-43.438	-2.274	-43.438	13.726	-42.438	14.726	-41.438	14.726	-24.438	13.726	-23.438	11.726	-14.438	-17.274	-13.438	-15.274	-4.438	11.726	-3.438	13.726	-2.438	11.726	5.562	-17.274	6.562	-15.274	
5.367	-16.665	-43.633	14.335	-42.633	15.335	-41.633	15.335	-33.633	6.335	-41.633	-0.665	-45.633	-1.665	-44.633	-2.665	-43.633	-1.665	-43.633	14.335	-42.633	15.335	-41.633	15.335	-24.633	14.335	-23.633	12.335	-14.633	-16.665	-13.633	-14.665	-4.633	12.335	-3.633	14.335	-2.633	12.335	5.367	-16.665	6.367	-14.665	
5.170	-16.056	-43.830	14.944	-42.830	15.944	-41.830	15.944	-33.830	6.944	-41.830	-0.056	-45.830	-1.056	-44.830	-2.056	-43.830	-1.056	-43.830	14.944	-42.830	15.944	-41.830	15.944	-24.830	14.944	-23.830	12.944	-14.830	-16.056	-13.830	-14.056	-4.830	12.944	-3.830	14.944	-2.830	12.944	5.170	-16.056	6.170	-14.056	
4.974	-15.447	-44.026	15.553	-43.026	16.553	-42.026	16.553	-34.026	7.553	-42.026	0.553	-46.026	-0.447	-45.026	-1.447	-44.026	-0.447	-44.026	15.553	-43.026	16.553	-42.026	16.553	-25.026	15.553	-24.026	13.553	-15.026	-15.447	-14.026	-13.447	-5.026	13.553	-4.026	15.553	-3.026	13.553	4.974	-15.447	5.974	-13.447	
4.778	-14.837	-44.222	16.163	-43.222	17.163	-42.222	17.163	-34.222	8.163	-42.222	1.163	-46.222	0.163	-45.222	-0.837	-44.222	0.163	-44.222	16.163	-43.222	17.163	-42.222	17.163	-25.222	16.163	-24.222	14.163	-15.222	-14.837	-14.222	-12.837	-5.222	14.163	-4.222	16.163	-3.222	14.163	4.778	-14.837	5.778	-12.837	
4.582	-14.228	-44.418	16.772	-43.418	17.772	-42.418	17.772	-34.418	8.772	-42.418	1.772	-46.418	0.772	-45.418	-0.228	-44.418	0.772	-44.418	16.772	-43.418	17.772	-42.418	17.772	-25.418	16.772	-24.418	14.772	-15.418	-14.228	-14.418	-12.228	-5.418	14.772	-4.418	16.772	-3.418	14.772	4.582	-14.228	5.582	-12.228	
4.386	-13.619	-44.614	17.381	-43.614	18.381	-42.614	18.381	-34.614	9.381	-42.614	2.381	-46.614	1.381	-45.614	0.381	-44.614	1.381	-44.614	17.381	-43.614	18.381	-42.614	18.381	-25.614	17.381	-24.614	15.381	-15.614	-13.619	-14.614	-11.619	-5.614	15.381	-4.614	17.381	-3.614	15.381	4.386	-13.619	5.386	-11.619	
4.190	-13.010	-44.810	17.990	-43.810	18.990	-42.810	18.990	-34.810	9.990	-42.810	2.990	-46.810	1.990	-45.810	0.990	-44.810	1.990	-44.810	17.990	-43.810	18.990	-42.810	18.990	-25.810	17.990	-24.810	15.990	-15.810	-13.010	-14.810	-11.010	-5.810	15.990	-4.810	17.990	-3.810	15.990	4.190	-13.010	5.190	-11.010	
3.994	-12.401	-45.006	18.599	-44.006	19.599	-43.006	19.599	-35.006	10.599	-43.006	3.599	-47.006	2.599	-46.006	1.599	-45.006	2.599	-45.006	18.599	-44.006	19.599	-43.006	19.599	-26.006	18.599	-25.006	16.599	-16.006	-12.401	-15.006	-10.401	-6.006	16.599	-5.006	18.599	-4.006	16.599	3.994	-12.401	4.994	-10.401	
3.797	-11.791	-45.203	19.209	-44.203	20.209	-43.203	20.209	-35.203	11.209	-43.203	4.209	-47.203	3.209	-46.203	2.209	-45.203	3.209	-45.203	19.209	-44.203	20.209	-43.203	20.209	-26.203	19.209	-25.203	17.209	-16.203	-11.791	-15.203	-9.791	-6.203	17.209	-5.203	19.209	-4.203	17.209	3.797	-11.791	4.797	-9.791	
3.601	-11.182	-45.399	19.818	-44.399	20.818	-43.399	20.818	-35.399	11.818	-43.399	4.818	-47.399	3.818	-46.399	2.818	-45.399	3.818	-45.399	19.818	-44.399	20.818	-43.399	20.818	-26.399	19.818	-25.399	17.818	-16.399	-11.182	-15.399	-9.182	-6.399	17.818	-5.399	19.818	-4.399	17.818	3.601	-11.182	4.601	-9.182	
3.405	-10.573	-45.595	20.427	-44.595	21.427	-43.595	21.427	-35.595	12.427	-43.595	5.427	-47.595	4.427	-46.595	3.427	-45.595	4.427	-45.595	20.427	-44.595	21.427	-43.595	21.427	-26.595	20.427	-25.595	18.427	-16.595	-10.573	-15.595	-8.573	-6.595	18.427	-5.595	20.427	-4.595	18.427	3.405	-10.573	4.405	-8.573	
3.209	-9.964	-45.791	21.036	-44.791	22.036	-43.791	22.036	-35.791	13.036	-43.791	6.036	-47.791	5.036	-46.791	4.036	-45.791	5.036	-45.791	21.036	-44.791	22.036	-43.791	22.036	-26.791	21.036	-25.791	19.036	-16.791	-9.964	-15.791	-7.964	-6.791	19.036	-5.791	21.036	-4.791	19.036	3.209	-9.964	4.209	-7.964	
3.013	-9.355	-45.987	21.645	-44.987	22.645	-43.987	22.645	-35.987	13.645	-43.987	6.645	-47.987	5.645	-46.987	4.645	-45.987	5.645	-45.987	21.645	-44.987	22.645	-43.987	22.645	-26.987	21.645	-25.987	19.645	-16.987	-9.355	-15.987	-7.355	-6.987	19.645	-5.987	21.645	-4.987	19.645	3.013	-9.355	4.013	-7.355	
2.817	-8.745	-46.183	22.255	-45.183	23.255	-44.183	23.255	-36.183	14.255	-44.183	7.255	-48.183	6.255	-47.183	5.255	-46.183	6.255	-46.183	22.255	-45.183	23.255	-44.183	23.255	-27.183	22.255	-26.183	20.255	-17.183	-8.745	-16.183	-6.745	-7.183	20.255	-6.183	22.255	-5.183	20.255	2.817	-8.745	3.817	-6.745	
2.620	-8.136	-46.380	22.864	-45.380	23.864	-44.380	23.864	-36.380	14.864	-44.380	7.864	-48.380	6.864	-47.380	5.864	-46.380	6.864	-46.380	22.864	-45.380	23.864	-44.380	23.864	-27.380	22.864	-26.380	20.864	-17.380	-8.136	-16.380	-6.136	-7.380	20.864	-6.380	22.864	-5.380	20.864	2.620	-8.136	3.620	-6.136	
2.424	-7.527	-46.576	23.473	-45.576	24.473	-44.576	24.473	-36.576	15.473	-44.576	8.473	-48.576	7.473	-47.576	6.473	-46.576	7.473	-46.576	23.473	-45.576	24.473	-44.576	24.473	-27.576	23.473	-26.576	21.473	-17.576	-7.527	-16.576	-5.527	-7.576	21.473	-6.576	23.473	-5.576	21.473	2.424	-7.527	3.424	-5.527	
2.228	-6.918	-46.772	24.082	-45.772	25.082	-44.772	25.082	-36.772	16.082	-44.772	9.082	-48.772	8.082	-47.772	7.082	-46.772	8.082	-46.772	24.082	-45.772	25.082	-44.772	25.082	-27.772	24.082	-26.772	22.082	-17.772	-6.918	-16.772	-4.918	-7.772	22.082	-6.772	24.082	-5.772	22.082	2.228	-6.918	3.228	-4.918	
2.032	-6.309	-46.968	24.691	-45.968	25.691	-44.968	25.691	-36.968	16.691	-44.968	9.691	-48.968	8.691	-47.968	7.691	-46.968	8.691	-46.968	24.691	-45.968	25.691	-44.968	25.691	-27.968	24.691	-26.968	22.691	-17.968	-6.309	-16.968	-4.309	-7.968	22.691	-6.968	24.691	-5.968	22.691	2.032	-6.309	3.032	-4.309	
1.836	-5.699	-47.164	25.301	-46.164	26.301	-45.164	26.301	-37.164	17.301	-45.164	10.301	-49.164	9.301	-48.164	8.301	-47.164	9.301	-47.164	25.301	-46.164	26.301	-45.164	26.301	-28.164	25.301	-27.164	23.301	-18.164	-5.699	-17.164	-3.699	-8.164	23.301	-7.164	25.301	-6.164	23.301	1.836	-5.699	2.836	-3.699	
1.639	-5.090	-47.361	25.910	-46.361	26.910	-45.361	26.910	-37.361	17.910	-45.361	10.910	-49.361	9.910	-48.361	8.910	-47.361	9.910	-47.361	25.910	-46.361	26.910	-45.361	26.910	-28.361	25.910	-27.361	23.910	-18.361	-5.090	-17.361	-3.090	-8.361	23.910	-7.361	25.910	-6.361	23.910	1.639	-5.090	2.639	-3.090	
1.443	-4.481	-47.557	26.519	-46.557	27.519	-45.557	27.519	-37.557	18.519	-45.557	11.519	-49.557	10.519	-48.557	9.519	-47.557	10.519	-47.557	26.519	-46.557	27.519	-45.557	27.519	-28.557	26.519	-27.557	24.519	-18.557	-4.481	-17.557	-2.481	-8.557	24.519	-7.557	26.519	-6.557	24.519	1.443	-4.481	2.443	-2.481	
1.247	-3.872	-47.753	27.128	-46.753	28.128	-45.753	28.128	-37.753	19.128	-45.753	12.128	-49.753	11.128	-48.753	10.128	-47.753	11.128	-47.753	27.128	-46.753	28.128	-45.753	28.128	-28.753	27.128	-27.753	25.128	-18.753	-3.872	-17.753	-1.872	-8.753	25.128	-7.753	27.128	-6.753	25.128	1.247	-3.872	2.247	-1.872	
1.051	-3.263	-47.949	27.737	-46.949	28.737	-45.949	28.737	-37.949	19.737	-45.949	12.737	-49.949	11.737	-48.949	10.737	-47.949	11.737	-47.949	27.737	-46.949	28.737	-45.949	28.737	-28.949	27.737	-27.949	25.737	-18.949	-3.263	-17.949	-1.263	-8.949	25.737	-7.949	27.737	-6.949	25.737	1.051	-3.263	2.051	-1.263	
0.715	-2.219	-48.285	28.781	-47.285	29.781	-46.285	29.781	-38.285	20.781	-46.285	13.781	-50.285	12.781	-49.285	11.781	-48.285	12.781	-48.285	28.781	-47.285	29.781	-46.285	29.781	-29.285	28.781	-28.285	26.781	-19.285	-2.219	-18.285	-0.219	-9.285	26.781	-8.285	28.781	-7.285	26.781	0.715	-2.219	1.715	-0.219	
0.573	-1.780	-48.427	29.220	-47.427	30.220	-46.427	30.220	-38.427	21.220	-46.427	14.220	-50.427	13.220	-49.427	12.220	-48.427	13.220	-48.427	29.220	-47.427	30.220	-46.427	30.220	-29.427	29.220	-28.427	27.220	-19.427	-1.780	-18.427	0.220	-9.427	27.220	-8.427	29.220	-7.427	27.220	0.573	-1.780	1.573	0.220	
0.482	-1.495	-48.518	29.505	-47.518	30.505	-46.518	30.505	-38.518	21.505	-46.518	14.505	-50.518	13.505	-49.518	12.505	-48.518	13.505	-48.518	29.505	-47.518	30.505	-46.518	30.505	-29.518	29.505	-28.518	27.505	-19.518	-1.495	-18.518	0.505	-9.518	27.505	-8.518	29.505	-7.518	27.505	0.482	-1.495	1.482	0.505	
0.405	-1.256	-48.595	29.744	-47.595	30.744	-46.595	30.744	-38.595	21.744	-46.595	14.744	-50.595	13.744	-49.595	12.744	-48.595	13.744	-48.595	29.744	-47.595	30.744	-46.595	30.744	-29.595	29.744	-28.595	27.744	-19.595	-1.256	-18.595	0.744	-9.595	27.744	-8.595	29.744	-7.595	27.744	0.405	-1.256	1.405	0.744	
0.340	-1.055	-48.660	29.945	-47.660	30.945	-46.660	30.945	-38.660	21.945	-46.660	14.945	-50.660	13.945	-49.660	12.945	-48.660	13.945	-48.660	29.945	-47.660	30.945	-46.660	30.945	-29.660	29.945	-28.660	27.945	-19.660	-1.055	-18.660	0.945	-9.660	27.945	-8.660	29.945	-7.660	27.945	0.340	-1.055	1.340	0.945	
0.285	-0.886	-48.715	30.114	-47.715	31.114	-46.715	31.114	-38.715	22.114	-46.715	15.114	-50.715	14.114	-49.715	13.114	-48.715	14.114	-48.715	30.114	-47.715	31.114	-46.715	31.114	-29.715	30.114	-28.715	28.114	-19.715	-0.886	-18.715	1.114	-9.715	28.114	-8.715	30.114	-7.715	28.114	0.285	-0.886	1.285	1.114	
0.240	-0.744	-48.760	30.256	-47.760	31.256	-46.760	31.256	-38.760	22.256	-46.760	15.256	-50.760	14.256	-49.760	13.256	-48.760	14.256	-48.760	30.256	-47.760	31.256	-46.760	31.256	-29.760	30.256	-28.760	28.256	-19.760	-0.744	-18.760	1.256	-9.760	28.256	-8.760	30.256	-7.760	28.256	0.240	-0.744	1.240	1.256	
0.201	-0.625	-48.799	30.375	-47.799	31.375	-46.799	31.375	-38.799	22.375	-46.799	15.375	-50.799	14.375	-49.799	13.375	-48.799	14.375	-48.799	30.375	-47.799	31.375	-46.799	31.375	-29.799	30.375	-28.799	28.375	-19.799	-0.625	-18.799	1.375	-9.799	28.375	-8.799	30.375	-7.799	28.375	0.201	-0.625	1.201	1.375	
0.169	-0.525	-48.831	30.475	-47.831	31.475	-46.831	31.475	-38.831	22.475	-46.831	15.475	-50.831	14.475	-49.831	13.475	-48.831	14.475	-48.831	30.475	-47.831	31.475	-46.831	31.475	-29.831	30.475	-28.831	28.475	-19.831	-0.525	-18.831	1.475	-9.831	28.475	-8.831	30.475	-7.831	28.475	0.169	-0.525	1.169	1.475	
0.142	-0.441	-48.858	30.559	-47.858	31.559	-46.858	31.559	-38.858	22.559	-46.858	15.559	-50.858	14.559	-49.858	13.559	-48.858	14.559	-48.858	30.559	-47.858	31.559	-46.858	31.559	-29.858	30.559	-28.858	28.559	-19.858	-0.441	-18.858	1.559	-9.858	28.559	-8.858	30.559	-7.858	28.559	0.142	-0.441	1.142	1.559	
0.119	-0.371	-48.881	30.629	-47.881	31.629	-46.881	31.629	-38.881	22.629	-46.881	15.629	-50.881	14.629	-49.881	13.629	-48.881	14.629	-48.881	30.629	-47.881	31.629	-46.881	31.629	-29.881	30.629	-28.881	28.629	-19.881	-0.371	-18.881	1.629	-9.881	28.629	-