dx		dy		dx0		dy0		dx1		dy1		dx2		dy2		dx3		dy3		dx4		dy4		dx5		dy5		dx6		dy6		dx7		dy7		dx8		dy8		dx9		dy9		dx10		dy10		dx11		dy11		dx12		dy12		dx13		dy13		dx14		dy14		dx15		dy15		dx16		dy16		dx17		dy17		dx18		dy18		dx19		dy19		dx20		dy20		dx21		dy21-7.989	-8.016	-9.989	7.984	-8.989	8.984	-7.989	8.984	0.011	-0.016	-7.989	-8.016	-9.989	7.984	-8.989	8.984	-7.989	8.984	9.011	7.984	10.011	5.984	19.011	-23.016	20.011	-21.016	29.011	5.984	30.011	7.984	31.011	5.984	39.011	-23.016	40.011	-21.016	
-8.097	-7.385	-10.097	8.615	-9.097	9.615	-8.097	9.615	-0.097	0.615	-8.097	-7.385	-10.097	8.615	-9.097	9.615	-8.097	9.615	8.903	8.615	9.903	6.615	18.903	-22.385	19.903	-20.385	28.903	6.615	29.903	8.615	30.903	6.615	38.903	-22.385	39.903	-20.385	
-8.000	-6.752	-10.000	9.248	-9.000	10.248	-8.000	10.248	-0.000	1.248	-8.000	-6.752	-10.000	9.248	-9.000	10.248	-8.000	10.248	9.000	9.248	10.000	7.248	19.000	-21.752	20.000	-19.752	29.000	7.248	30.000	9.248	31.000	7.248	39.000	-21.752	40.000	-19.752	
-7.762	-6.158	-9.762	9.842	-8.762	10.842	-7.762	10.842	0.238	1.842	-7.762	-6.158	-9.762	9.842	-8.762	10.842	-7.762	10.842	9.238	9.842	10.238	7.842	19.238	-21.158	20.238	-19.158	29.238	7.842	30.238	9.842	31.238	7.842	39.238	-21.158	40.238	-19.158	
-7.429	-5.611	-9.429	10.389	-8.429	11.389	-7.429	11.389	0.571	2.389	-7.429	-5.611	-9.429	10.389	-8.429	11.389	-7.429	11.389	9.571	10.389	10.571	8.389	19.571	-20.611	20.571	-18.611	29.571	8.389	30.571	10.389	31.571	8.389	39.571	-20.611	40.571	-18.611	
-7.033	-5.109	-9.033	10.891	-8.033	11.891	-7.033	11.891	0.967	2.891	-7.033	-5.109	-9.033	10.891	-8.033	11.891	-7.033	11.891	9.967	10.891	10.967	8.891	19.967	-20.109	20.967	-18.109	29.967	8.891	30.967	10.891	31.967	8.891	39.967	-20.109	40.967	-18.109	
-6.594	-4.643	-8.594	11.357	-7.594	12.357	-6.594	12.357	1.406	3.357	-6.594	-4.643	-8.594	11.357	-7.594	12.357	-6.594	12.357	10.406	11.357	11.406	9.357	20.406	-19.643	21.406	-17.643	30.406	9.357	31.406	11.357	32.406	9.357	40.406	-19.643	41.406	-17.643	
-6.126	-4.206	-8.126	11.794	-7.126	12.794	-6.126	12.794	1.874	3.794	-6.126	-4.206	-8.126	11.794	-7.126	12.794	-6.126	12.794	10.874	11.794	11.874	9.794	20.874	-19.206	21.874	-17.206	30.874	9.794	31.874	11.794	32.874	9.794	40.874	-19.206	41.874	-17.206	
-5.638	-3.793	-7.638	12.207	-6.638	13.207	-5.638	13.207	2.362	4.207	-5.638	-3.793	-7.638	12.207	-6.638	13.207	-5.638	13.207	11.362	12.207	12.362	10.207	21.362	-18.793	22.362	-16.793	31.362	10.207	32.362	12.207	33.362	10.207	41.362	-18.793	42.362	-16.793	
-5.135	-3.397	-7.135	12.603	-6.135	13.603	-5.135	13.603	2.865	4.603	-5.135	-3.397	-7.135	12.603	-6.135	13.603	-5.135	13.603	11.865	12.603	12.865	10.603	21.865	-18.397	22.865	-16.397	31.865	10.603	32.865	12.603	33.865	10.603	41.865	-18.397	42.865	-16.397	
-4.622	-3.014	-6.622	12.986	-5.622	13.986	-4.622	13.986	3.378	4.986	-4.622	-3.014	-6.622	12.986	-5.622	13.986	-4.622	13.986	12.378	12.986	13.378	10.986	22.378	-18.014	23.378	-16.014	32.378	10.986	33.378	12.986	34.378	10.986	42.378	-18.014	43.378	-16.014	
-4.102	-2.642	-6.102	13.358	-5.102	14.358	-4.102	14.358	3.898	5.358	-4.102	-2.642	-6.102	13.358	-5.102	14.358	-4.102	14.358	12.898	13.358	13.898	11.358	22.898	-17.642	23.898	-15.642	32.898	11.358	33.898	13.358	34.898	11.358	42.898	-17.642	43.898	-15.642	
-3.575	-2.278	-5.575	13.722	-4.575	14.722	-3.575	14.722	4.425	5.722	-3.575	-2.278	-5.575	13.722	-4.575	14.722	-3.575	14.722	13.425	13.722	14.425	11.722	23.425	-17.278	24.425	-15.278	33.425	11.722	34.425	13.722	35.425	11.722	43.425	-17.278	44.425	-15.278	
-3.045	-1.920	-5.045	14.080	-4.045	15.080	-3.045	15.080	4.955	6.080	-3.045	-1.920	-5.045	14.080	-4.045	15.080	-3.045	15.080	13.955	14.080	14.955	12.080	23.955	-16.920	24.955	-14.920	33.955	12.080	34.955	14.080	35.955	12.080	43.955	-16.920	44.955	-14.920	
-2.564	-1.603	-4.564	14.397	-3.564	15.397	-2.564	15.397	5.436	6.397	-2.564	-1.603	-4.564	14.397	-3.564	15.397	-2.564	15.397	14.436	14.397	15.436	12.397	24.436	-16.603	25.436	-14.603	34.436	12.397	35.436	14.397	36.436	12.397	44.436	-16.603	45.436	-14.603	
-2.158	-1.339	-4.158	14.661	-3.158	15.661	-2.158	15.661	5.842	6.661	-2.158	-1.339	-4.158	14.661	-3.158	15.661	-2.158	15.661	14.842	14.661	15.842	12.661	24.842	-16.339	25.842	-14.339	34.842	12.661	35.842	14.661	36.842	12.661	44.842	-16.339	45.842	-14.339	
-1.816	-1.120	-3.816	14.880	-2.816	15.880	-1.816	15.880	6.184	6.880	-1.816	-1.120	-3.816	14.880	-2.816	15.880	-1.816	15.880	15.184	14.880	16.184	12.880	25.184	-16.120	26.184	-14.120	35.184	12.880	36.184	14.880	37.184	12.880	45.184	-16.120	46.184	-14.120	
-1.182	-0.723	-3.182	15.277	-2.182	16.277	-1.182	16.277	6.818	7.277	-1.182	-0.723	-3.182	15.277	-2.182	16.277	-1.182	16.277	15.818	15.277	16.818	13.277	25.818	-15.723	26.818	-13.723	35.818	13.277	36.818	15.277	37.818	13.277	45.818	-15.723	46.818	-13.723	
-0.947	-0.578	-2.947	15.422	-1.947	16.422	-0.947	16.422	7.053	7.422	-0.947	-0.578	-2.947	15.422	-1.947	16.422	-0.947	16.422	16.053	15.422	17.053	13.422	26.053	-15.578	27.053	-13.578	36.053	13.422	37.053	15.422	38.053	13.422	46.053	-15.578	47.053	-13.578	
-0.796	-0.485	-2.796	15.515	-1.796	16.515	-0.796	16.515	7.204	7.515	-0.796	-0.485	-2.796	15.515	-1.796	16.515	-0.796	16.515	16.204	15.515	17.204	13.515	26.204	-15.485	27.204	-13.485	36.204	13.515	37.204	15.515	38.204	13.515	46.204	-15.485	47.204	-13.485	
-0.669	-0.407	-2.669	15.593	-1.669	16.593	-0.669	16.593	7.331	7.593	-0.669	-0.407	-2.669	15.593	-1.669	16.593	-0.669	16.593	16.331	15.593	17.331	13.593	26.331	-15.407	27.331	-13.407	36.331	13.593	37.331	15.593	38.331	13.593	46.331	-15.407	47.331	-13.407	
-0.562	-0.341	-2.562	15.659	-1.562	16.659	-0.562	16.659	7.438	7.659	-0.562	-0.341	-2.562	15.659	-1.562	16.659	-0.562	16.659	16.438	15.659	17.438	13.659	26.438	-15.341	27.438	-13.341	36.438	13.659	37.438	15.659	38.438	13.659	46.438	-15.341	47.438	-13.341	
-0.472	-0.287	-2.472	15.713	-1.472	16.713	-0.472	16.713	7.528	7.713	-0.472	-0.287	-2.472	15.713	-1.472	16.713	-0.472	16.713	16.528	15.713	17.528	13.713	26.528	-15.287	27.528	-13.287	36.528	13.713	37.528	15.713	38.528	13.713	46.528	-15.287	47.528	-13.287	
-0.397	-0.241	-2.397	15.759	-1.397	16.759	-0.397	16.759	7.603	7.759	-0.397	-0.241	-2.397	15.759	-1.397	16.759	-0.397	16.759	16.603	15.759	17.603	13.759	26.603	-15.241	27.603	-13.241	36.603	13.759	37.603	15.759	38.603	13.759	46.603	-15.241	47.603	-13.241	
-0.333	-0.202	-2.333	15.798	-1.333	16.798	-0.333	16.798	7.667	7.798	-0.333	-0.202	-2.333	15.798	-1.333	16.798	-0.333	16.798	16.667	15.798	17.667	13.798	26.667	-15.202	27.667	-13.202	36.667	13.798	37.667	15.798	38.667	13.798	46.667	-15.202	47.667	-13.202	
-0.280	-0.170	-2.280	15.830	-1.280	16.830	-0.280	16.830	7.720	7.830	-0.280	-0.170	-2.280	15.830	-1.280	16.830	-0.280	16.830	16.720	15.830	17.720	13.830	26.720	-15.170	27.720	-13.170	36.720	13.830	37.720	15.830	38.720	13.830	46.720	-15.170	47.720	-13.170	
-0.235	-0.142	-2.235	15.858	-1.235	16.858	-0.235	16.858	7.765	7.858	-0.235	-0.142	-2.235	15.858	-1.235	16.858	-0.235	16.858	16.765	15.858	17.765	13.858	26.765	-15.142	27.765	-13.142	36.765	13.858	37.765	15.858	38.765	13.858	46.765	-15.142	47.765	-13.142	
-0.198	-0.120	-2.198	15.880	-1.198	16.880	-0.198	16.880	7.802	7.880	-0.198	-0.120	-2.198	15.880	-1.198	16.880	-0.198	16.880	16.802	15.880	17.802	13.880	26.802	-15.120	27.802	-13.120	36.802	13.880	37.802	15.880	38.802	13.880	46.802	-15.120	47.802	-13.120	
-0.166	-0.100	-2.166	15.900	-1.166	16.900	-0.166	16.900	7.834	7.900	-0.166	-0.100	-2.166	15.900	-1.166	16.900	-0.166	16.900	16.834	15.900	17.834	13.900	26.834	-15.100	27.834	-13.100	36.834	13.900	37.834	15.900	38.834	13.900	46.834	-15.100	47.834	-13.100	
-0.139	-0.084	-2.139	15.916	-1.139	16.916	-0.139	16.916	7.861	7.916	-0.139	-0.084	-2.139	15.916	-1.139	16.916	-0.139	16.916	16.861	15.916	17.861	13.916	26.861	-15.084	27.861	-13.084	36.861	13.916	37.861	15.916	38.861	13.916	46.861	-15.084	47.861	-13.084	
-0.117	-0.071	-2.117	15.929	-1.117	16.929	-0.117	16.929	7.883	7.929	-0.117	-0.071	-2.117	15.929	-1.117	16.929	-0.117	16.929	16.883	15.929	17.883	13.929	26.883	-15.071	27.883	-13.071	36.883	13.929	37.883	15.929	38.883	13.929	46.883	-15.071	47.883	-13.071	
-0.098	-0.060	-2.098	15.940	-1.098	16.940	-0.098	16.940	7.902	7.940	-0.098	-0.060	-2.098	15.940	-1.098	16.940	-0.098	16.940	16.902	15.940	17.902	13.940	26.902	-15.060	27.902	-13.060	36.902	13.940	37.902	15.940	38.902	13.940	46.902	-15.060	47.902	-13.060	
-0.083	-0.050	-2.083	15.950	-1.083	16.950	-0.083	16.950	7.917	7.950	-0.083	-0.050	-2.083	15.950	-1.083	16.950	-0.083	16.950	16.917	15.950	17.917	13.950	26.917	-15.050	27.917	-13.050	36.917	13.950	37.917	15.950	38.917	13.950	46.917	-15.050	47.917	-13.050	
-0.069	-0.042	-2.069	15.958	-1.069	16.958	-0.069	16.958	7.931	7.958	-0.069	-0.042	-2.069	15.958	-1.069	16.958	-0.069	16.958	16.931	15.958	17.931	13.958	26.931	-15.042	27.931	-13.042	36.931	13.958	37.931	15.958	38.931	13.958	46.931	-15.042	47.931	-13.042	
-0.058	-0.035	-2.058	15.965	-1.058	16.965	-0.058	16.965	7.942	7.965	-0.058	-0.035	-2.058	15.965	-1.058	16.965	-0.058	16.965	16.942	15.965	17.942	13.965	26.942	-15.035	27.942	-13.035	36.942	13.965	37.942	15.965	38.942	13.965	46.942	-15.035	47.942	-13.035	
-0.049	-0.030	-2.049	15.970	-1.049	16.970	-0.049	16.970	7.951	7.970	-0.049	-0.030	-2.049	15.970	-1.049	16.970	-0.049	16.970	16.951	15.970	17.951	13.970	26.951	-15.030	27.951	-13.030	36.951	13.970	37.951	15.970	38.951	13.970	46.951	-15.030	47.951	-13.030	
-0.041	-0.025	-2.041	15.975	-1.041	16.975	-0.041	16.975	7.959	7.975	-0.041	-0.025	-2.041	15.975	-1.041	16.975	-0.041	16.975	16.959	15.975	17.959	13.975	26.959	-15.025	27.959	-13.025	36.959	13.975	37.959	15.975	38.959	13.975	46.959	-15.025	47.959	-13.025	
-0.035	-0.021	-2.035	15.979	-1.035	16.979	-0.035	16.979	7.965	7.979	-0.035	-0.021	-2.035	15.979	-1.035	16.979	-0.035	16.979	16.965	15.979	17.965	13.979	26.965	-15.021	27.965	-13.021	36.965	13.979	37.965	15.979	38.965	13.979	46.965	-15.021	47.965	-13.021	
-0.029	-0.018	-2.029	15.982	-1.029	16.982	-0.029	16.982	7.971	7.982	-0.029	-0.018	-2.029	15.982	-1.029	16.982	-0.029	16.982	16.971	15.982	17.971	13.982	26.971	-15.018	27.971	-13.018	36.971	13.982	37.971	15.982	38.971	13.982	46.971	-15.018	47.971	-13.018	
-0.024	-0.015	-2.024	15.985	-1.024	16.985	-0.024	16.985	7.976	7.985	-0.024	-0.015	-2.024	15.985	-1.024	16.985	-0.024	16.985	16.976	15.985	17.976	13.985	26.976	-15.015	27.976	-13.015	36.976	13.985	37.976	15.985	38.976	13.985	46.976	-15.015	47.976	-13.015	
-0.020	-0.012	-2.020	15.988	-1.020	16.988	-0.020	16.988	7.980	7.988	-0.020	-0.012	-2.020	15.988	-1.020	16.988	-0.020	16.988	16.980	15.988	17.980	13.988	26.980	-15.012	27.980	-13.012	36.980	13.988	37.980	15.988	38.980	13.988	46.980	-15.012	47.980	-13.012	
