dx		dy		dx0		dy0		dx1		dy1		dx2		dy2		dx3		dy3		dx4		dy4		dx5		dy5		dx6		dy6		dx7		dy7		dx8		dy8		dx9		dy9		dx10		dy10		dx11		dy11		dx12		dy12		dx13		dy13		dx14		dy14		dx15		dy15		dx16		dy16		dx17		dy17		dx18		dy18		dx19		dy19		dx20		dy20		dx21		dy218.997	-29.018	-20.003	1.982	-19.003	2.982	-18.003	2.982	-10.003	-6.018	-18.003	-14.018	-20.003	1.982	-19.003	2.982	-18.003	2.982	-1.003	1.982	-0.003	-0.018	8.997	-29.018	9.997	-27.018	18.997	-0.018	19.997	1.982	20.997	-0.018	28.997	-29.018	29.997	-27.018	
9.015	-28.378	-19.985	2.622	-18.985	3.622	-17.985	3.622	-9.985	-5.378	-17.985	-13.378	-19.985	2.622	-18.985	3.622	-17.985	3.622	-0.985	2.622	0.015	0.622	9.015	-28.378	10.015	-26.378	19.015	0.622	20.015	2.622	21.015	0.622	29.015	-28.378	30.015	-26.378	
8.964	-27.740	-20.036	3.260	-19.036	4.260	-18.036	4.260	-10.036	-4.740	-18.036	-12.740	-20.036	3.260	-19.036	4.260	-18.036	4.260	-1.036	3.260	-0.036	1.260	8.964	-27.740	9.964	-25.740	18.964	1.260	19.964	3.260	20.964	1.260	28.964	-27.740	29.964	-25.740	
8.866	-27.108	-20.134	3.892	-19.134	4.892	-18.134	4.892	-10.134	-4.108	-18.134	-12.108	-20.134	3.892	-19.134	4.892	-18.134	4.892	-1.134	3.892	-0.134	1.892	8.866	-27.108	9.866	-25.108	18.866	1.892	19.866	3.892	20.866	1.892	28.866	-27.108	29.866	-25.108	
8.735	-26.481	-20.265	4.519	-19.265	5.519	-18.265	5.519	-10.265	-3.481	-18.265	-11.481	-20.265	4.519	-19.265	5.519	-18.265	5.519	-1.265	4.519	-0.265	2.519	8.735	-26.481	9.735	-24.481	18.735	2.519	19.735	4.519	20.735	2.519	28.735	-26.481	29.735	-24.481	
8.582	-25.860	-20.418	5.140	-19.418	6.140	-18.418	6.140	-10.418	-2.860	-18.418	-10.860	-20.418	5.140	-19.418	6.140	-18.418	6.140	-1.418	5.140	-0.418	3.140	8.582	-25.860	9.582	-23.860	18.582	3.140	19.582	5.140	20.582	3.140	28.582	-25.860	29.582	-23.860	
8.413	-25.243	-20.587	5.757	-19.587	6.757	-18.587	6.757	-10.587	-2.243	-18.587	-10.243	-20.587	5.757	-19.587	6.757	-18.587	6.757	-1.587	5.757	-0.587	3.757	8.413	-25.243	9.413	-23.243	18.413	3.757	19.413	5.757	20.413	3.757	28.413	-25.243	29.413	-23.243	
8.234	-24.628	-20.766	6.372	-19.766	7.372	-18.766	7.372	-10.766	-1.628	-18.766	-9.628	-20.766	6.372	-19.766	7.372	-18.766	7.372	-1.766	6.372	-0.766	4.372	8.234	-24.628	9.234	-22.628	18.234	4.372	19.234	6.372	20.234	4.372	28.234	-24.628	29.234	-22.628	
8.046	-24.016	-20.954	6.984	-19.954	7.984	-18.954	7.984	-10.954	-1.016	-18.954	-9.016	-20.954	6.984	-19.954	7.984	-18.954	7.984	-1.954	6.984	-0.954	4.984	8.046	-24.016	9.046	-22.016	18.046	4.984	19.046	6.984	20.046	4.984	28.046	-24.016	29.046	-22.016	
7.854	-23.406	-21.146	7.594	-20.146	8.594	-19.146	8.594	-11.146	-0.406	-19.146	-8.406	-21.146	7.594	-20.146	8.594	-19.146	8.594	-2.146	7.594	-1.146	5.594	7.854	-23.406	8.854	-21.406	17.854	5.594	18.854	7.594	19.854	5.594	27.854	-23.406	28.854	-21.406	
7.658	-22.797	-21.342	8.203	-20.342	9.203	-19.342	9.203	-11.342	0.203	-19.342	-7.797	-21.342	8.203	-20.342	9.203	-19.342	9.203	-2.342	8.203	-1.342	6.203	7.658	-22.797	8.658	-20.797	17.658	6.203	18.658	8.203	19.658	6.203	27.658	-22.797	28.658	-20.797	
7.460	-22.188	-21.540	8.812	-20.540	9.812	-19.540	9.812	-11.540	0.812	-19.540	-7.188	-21.540	8.812	-20.540	9.812	-19.540	9.812	-2.540	8.812	-1.540	6.812	7.460	-22.188	8.460	-20.188	17.460	6.812	18.460	8.812	19.460	6.812	27.460	-22.188	28.460	-20.188	
7.260	-21.580	-21.740	9.420	-20.740	10.420	-19.740	10.420	-11.740	1.420	-19.740	-6.580	-21.740	9.420	-20.740	10.420	-19.740	10.420	-2.740	9.420	-1.740	7.420	7.260	-21.580	8.260	-19.580	17.260	7.420	18.260	9.420	19.260	7.420	27.260	-21.580	28.260	-19.580	
7.058	-20.973	-21.942	10.027	-20.942	11.027	-19.942	11.027	-11.942	2.027	-19.942	-5.973	-21.942	10.027	-20.942	11.027	-19.942	11.027	-2.942	10.027	-1.942	8.027	7.058	-20.973	8.058	-18.973	17.058	8.027	18.058	10.027	19.058	8.027	27.058	-20.973	28.058	-18.973	
6.856	-20.366	-22.144	10.634	-21.144	11.634	-20.144	11.634	-12.144	2.634	-20.144	-5.366	-22.144	10.634	-21.144	11.634	-20.144	11.634	-3.144	10.634	-2.144	8.634	6.856	-20.366	7.856	-18.366	16.856	8.634	17.856	10.634	18.856	8.634	26.856	-20.366	27.856	-18.366	
6.653	-19.759	-22.347	11.241	-21.347	12.241	-20.347	12.241	-12.347	3.241	-20.347	-4.759	-22.347	11.241	-21.347	12.241	-20.347	12.241	-3.347	11.241	-2.347	9.241	6.653	-19.759	7.653	-17.759	16.653	9.241	17.653	11.241	18.653	9.241	26.653	-19.759	27.653	-17.759	
6.450	-19.152	-22.550	11.848	-21.550	12.848	-20.550	12.848	-12.550	3.848	-20.550	-4.152	-22.550	11.848	-21.550	12.848	-20.550	12.848	-3.550	11.848	-2.550	9.848	6.450	-19.152	7.450	-17.152	16.450	9.848	17.450	11.848	18.450	9.848	26.450	-19.152	27.450	-17.152	
6.246	-18.545	-22.754	12.455	-21.754	13.455	-20.754	13.455	-12.754	4.455	-20.754	-3.545	-22.754	12.455	-21.754	13.455	-20.754	13.455	-3.754	12.455	-2.754	10.455	6.246	-18.545	7.246	-16.545	16.246	10.455	17.246	12.455	18.246	10.455	26.246	-18.545	27.246	-16.545	
6.042	-17.938	-22.958	13.062	-21.958	14.062	-20.958	14.062	-12.958	5.062	-20.958	-2.938	-22.958	13.062	-21.958	14.062	-20.958	14.062	-3.958	13.062	-2.958	11.062	6.042	-17.938	7.042	-15.938	16.042	11.062	17.042	13.062	18.042	11.062	26.042	-17.938	27.042	-15.938	
5.838	-17.332	-23.162	13.668	-22.162	14.668	-21.162	14.668	-13.162	5.668	-21.162	-2.332	-23.162	13.668	-22.162	14.668	-21.162	14.668	-4.162	13.668	-3.162	11.668	5.838	-17.332	6.838	-15.332	15.838	11.668	16.838	13.668	17.838	11.668	25.838	-17.332	26.838	-15.332	
5.634	-16.725	-23.366	14.275	-22.366	15.275	-21.366	15.881	-13.570	6.881	-21.570	-1.119	-23.570	14.881	-22.570	15.881	-21.570	15.881	-4.570	14.881	-3.570	12.881	5.430	-16.119	6.430	-14.119	15.430	12.881	16.430	14.881	17.430	12.881	25.430	-16.119	26.430	-14.119	
5.226	-15.512	-23.774	15.488	-22.774	16.488	-21.774	16.488	-13.774	7.488	-21.774	-0.512	-23.774	15.488	-22.774	16.488	-21.774	16.488	-4.774	15.488	-3.774	13.488	5.226	-15.512	6.226	-13.512	15.226	13.488	16.226	15.488	17.226	13.488	25.226	-15.512	26.226	-13.512	
5.021	-14.906	-23.979	16.094	-22.979	17.094	-21.979	17.094	-13.979	8.094	-21.979	0.094	-23.979	16.094	-22.979	17.094	-21.979	17.094	-4.979	16.094	-3.979	14.094	5.021	-14.906	6.021	-12.906	15.021	14.094	16.021	16.094	17.021	14.094	25.021	-14.906	26.021	-12.906	
4.817	-14.299	-24.183	16.701	-23.183	17.701	-22.183	17.701	-14.183	8.701	-22.183	0.701	-24.183	16.701	-23.183	17.701	-22.183	17.701	-5.183	16.701	-4.183	14.701	4.817	-14.299	5.817	-12.299	14.817	14.701	15.817	16.701	16.817	14.701	24.817	-14.299	25.817	-12.299	
4.613	-13.693	-24.387	17.307	-23.387	18.307	-22.387	18.307	-14.387	9.307	-22.387	1.307	-24.387	17.307	-23.387	18.307	-22.387	18.307	-5.387	17.307	-4.387	15.307	4.613	-13.693	5.613	-11.693	14.613	15.307	15.613	17.307	16.613	15.307	24.613	-13.693	25.613	-11.693	
4.408	-13.086	-24.592	17.914	-23.592	18.914	-22.592	18.914	-14.592	9.914	-22.592	1.914	-24.592	17.914	-23.592	18.914	-22.592	18.914	-5.592	17.914	-4.592	15.914	4.408	-13.086	5.408	-11.086	14.408	15.914	15.408	17.914	16.408	15.914	24.408	-13.086	25.408	-11.086	
4.204	-12.479	-24.796	18.521	-23.796	19.521	-22.796	19.521	-14.796	10.521	-22.796	2.521	-24.796	18.521	-23.796	19.521	-22.796	19.521	-5.796	18.521	-4.796	16.521	4.204	-12.479	5.204	-10.479	14.204	16.521	15.204	18.521	16.204	16.521	24.204	-12.479	25.204	-10.479	
4.000	-11.873	-25.000	19.127	-24.000	20.127	-23.000	20.127	-15.000	11.127	-23.000	3.127	-25.000	19.127	-24.000	20.127	-23.000	20.127	-6.000	19.127	-5.000	17.127	4.000	-11.873	5.000	-9.873	14.000	17.127	15.000	19.127	16.000	17.127	24.000	-11.873	25.000	-9.873	
3.795	-11.266	-25.205	19.734	-24.205	20.734	-23.205	20.734	-15.205	11.734	-23.205	3.734	-25.205	19.734	-24.205	20.734	-23.205	20.734	-6.205	19.734	-5.205	17.734	3.795	-11.266	4.795	-9.266	13.795	17.734	14.795	19.734	15.795	17.734	23.795	-11.266	24.795	-9.266	
3.591	-10.660	-25.409	20.340	-24.409	21.340	-23.409	21.340	-15.409	12.340	-23.409	4.340	-25.409	20.340	-24.409	21.340	-23.409	21.340	-6.409	20.340	-5.409	18.340	3.591	-10.660	4.591	-8.660	13.591	18.340	14.591	20.340	15.591	18.340	23.591	-10.660	24.591	-8.660	
3.387	-10.053	-25.613	20.947	-24.613	21.947	-23.613	21.947	-15.613	12.947	-23.613	4.947	-25.613	20.947	-24.613	21.947	-23.613	21.947	-6.613	20.947	-5.613	18.947	3.387	-10.053	4.387	-8.053	13.387	18.947	14.387	20.947	15.387	18.947	23.387	-10.053	24.387	-8.053	
3.182	-9.447	-25.818	21.553	-24.818	22.553	-23.818	22.553	-15.818	13.553	-23.818	5.553	-25.818	21.553	-24.818	22.553	-23.818	22.553	-6.818	21.553	-5.818	19.553	3.182	-9.447	4.182	-7.447	13.182	19.553	14.182	21.553	15.182	19.553	23.182	-9.447	24.182	-7.447	
2.978	-8.840	-26.022	22.160	-25.022	23.160	-24.022	23.160	-16.022	14.160	-24.022	6.160	-26.022	22.160	-25.022	23.160	-24.022	23.160	-7.022	22.160	-6.022	20.160	2.978	-8.840	3.978	-6.840	12.978	20.160	13.978	22.160	14.978	20.160	22.978	-8.840	23.978	-6.840	
2.774	-8.234	-26.226	22.766	-25.226	23.766	-24.226	23.766	-16.226	14.766	-24.226	6.766	-26.226	22.766	-25.226	23.766	-24.226	23.766	-7.226	22.766	-6.226	20.766	2.774	-8.234	3.774	-6.234	12.774	20.766	13.774	22.766	14.774	20.766	22.774	-8.234	23.774	-6.234	
2.570	-7.627	-26.430	23.373	-25.430	24.373	-24.430	24.373	-16.430	15.373	-24.430	7.373	-26.430	23.373	-25.430	24.373	-24.430	24.373	-7.430	23.373	-6.430	21.373	2.570	-7.627	3.570	-5.627	12.570	21.373	13.570	23.373	14.570	21.373	22.570	-7.627	23.570	-5.627	
2.365	-7.021	-26.635	23.979	-25.635	24.979	-24.635	24.979	-16.635	15.979	-24.635	7.979	-26.635	23.979	-25.635	24.979	-24.635	24.979	-7.635	23.979	-6.635	21.979	2.365	-7.021	3.365	-5.021	12.365	21.979	13.365	23.979	14.365	21.979	22.365	-7.021	23.365	-5.021	
2.161	-6.414	-26.839	24.586	-25.839	25.586	-24.839	25.586	-16.839	16.586	-24.839	8.586	-26.839	24.586	-25.839	25.586	-24.839	25.586	-7.839	24.586	-6.839	22.586	2.161	-6.414	3.161	-4.414	12.161	22.586	13.161	24.586	14.161	22.586	22.161	-6.414	23.161	-4.414	
1.957	-5.808	-27.043	25.192	-26.043	26.192	-25.043	26.192	-17.043	17.192	-25.043	9.192	-27.043	25.192	-26.043	26.192	-25.043	26.192	-8.043	25.192	-7.043	23.192	1.957	-5.808	2.957	-3.808	11.957	23.192	12.957	25.192	13.957	23.192	21.957	-5.808	22.957	-3.808	
1.752	-5.201	-27.248	25.799	-26.248	26.799	-25.248	26.799	-17.248	17.799	-25.248	9.799	-27.248	25.799	-26.248	26.799	-25.248	26.799	-8.248	25.799	-7.248	23.799	1.752	-5.201	2.752	-3.201	11.752	23.799	12.752	25.799	13.752	23.799	21.752	-5.201	22.752	-3.201	
1.548	-4.595	-27.452	26.405	-26.452	27.405	-25.452	27.405	-17.452	18.405	-25.452	10.405	-27.452	26.405	-26.452	27.405	-25.452	27.405	-8.452	26.405	-7.452	24.405	1.548	-4.595	2.548	-2.595	11.548	24.405	12.548	26.405	13.548	24.405	21.548	-4.595	22.548	-2.595	
1.344	-3.988	-27.656	27.012	-26.656	28.012	-25.656	28.012	-17.656	19.012	-25.656	11.012	-27.656	27.012	-26.656	28.012	-25.656	28.012	-8.656	27.012	-7.656	25.012	1.344	-3.988	2.344	-1.988	11.344	25.012	12.344	27.012	13.344	25.012	21.344	-3.988	22.344	-1.988	
1.139	-3.382	-27.861	27.618	-26.861	28.618	-25.861	28.618	-17.861	19.618	-25.861	11.618	-27.861	27.618	-26.861	28.618	-25.861	28.618	-8.861	27.618	-7.861	25.618	1.139	-3.382	2.139	-1.382	11.139	25.618	12.139	27.618	13.139	25.618	21.139	-3.382	22.139	-1.382	
0.957	-2.841	-28.043	28.159	-27.043	29.159	-26.043	29.159	-18.043	20.159	-26.043	12.159	-28.043	28.159	-27.043	29.159	-26.043	29.159	-9.043	28.159	-8.043	26.159	0.957	-2.841	1.957	-0.841	10.957	26.159	11.957	28.159	12.957	26.159	20.957	-2.841	21.957	-0.841	
0.804	-2.386	-28.196	28.614	-27.196	29.614	-26.196	29.614	-18.196	20.614	-26.196	12.614	-28.196	28.614	-27.349	30.068	-26.349	30.068	-9.349	29.068	-8.349	27.068	0.651	-1.932	1.651	0.068	10.651	27.068	11.651	29.068	12.651	27.068	20.651	-1.932	21.651	0.068	
0.522	-1.550	-28.478	29.450	-27.478	30.450	-26.478	30.450	-18.478	21.450	-26.478	13.450	-28.478	29.450	-27.478	30.450	-26.478	30.450	-9.478	29.450	-8.478	27.450	0.522	-1.550	1.522	0.450	10.522	27.450	11.522	29.450	12.522	27.450	20.522	-1.550	21.522	0.450	
0.439	-1.302	-28.561	29.698	-27.561	30.698	-26.561	30.698	-18.561	21.698	-26.561	13.698	-28.561	29.698	-27.561	30.698	-26.561	30.698	-9.561	29.698	-8.561	27.698	0.439	-1.302	1.439	0.698	10.439	27.698	11.439	29.698	12.439	27.698	20.439	-1.302	21.439	0.698	
0.368	-1.094	-28.632	29.906	-27.632	30.906	-26.632	30.906	-18.632	21.906	-26.632	13.906	-28.632	29.906	-27.632	30.906	-26.632	30.906	-9.632	29.906	-8.632	27.906	0.368	-1.094	1.368	0.906	10.368	27.906	11.368	29.906	12.368	27.906	20.368	-1.094	21.368	0.906	
0.309	-0.919	-28.691	30.081	-27.691	31.081	-26.691	31.081	-18.691	22.081	-26.691	14.081	-28.691	30.081	-27.691	31.081	-26.691	31.081	-9.691	30.081	-8.691	28.081	0.309	-0.919	1.309	1.081	10.309	28.081	11.309	30.081	12.309	28.081	20.309	-0.919	21.309	1.081	
0.260	-0.772	-28.740	30.228	-27.740	31.228	-26.740	31.228	-18.740	22.228	-26.740	14.228	-28.740	30.228	-27.740	31.228	-26.740	31.228	-9.740	30.228	-8.740	28.228	0.260	-0.772	1.260	1.228	10.260	28.228	11.260	30.228	12.260	28.228	20.260	-0.772	21.260	1.228	
0.218	-0.648	-28.782	30.352	-27.782	31.352	-26.782	31.352	-18.782	22.352	-26.782	14.352	-28.782	30.352	-27.782	31.352	-26.782	31.352	-9.782	30.352	-8.782	28.352	0.218	-0.648	1.218	1.352	10.218	28.352	11.218	30.352	12.218	28.352	20.218	-0.648	21.218	1.352	
0.183	-0.544	-28.817	30.456	-27.817	31.456	-26.817	31.456	-18.817	22.456	-26.817	14.456	-28.817	30.456	-27.817	31.456	-26.817	31.456	-9.817	30.456	-8.817	28.456	0.183	-0.544	1.183	1.456	10.183	28.456	11.183	30.456	12.183	28.456	20.183	-0.544	21.183	1.456	
0.154	-0.457	-28.846	30.543	-27.846	31.543	-26.846	31.543	-18.846	22.543	-26.846	14.543	-28.846	30.543	-27.846	31.543	-26.846	31.543	-9.846	30.543	-8.846	28.543	0.154	-0.457	1.154	1.543	10.154	28.543	11.154	30.543	12.154	28.543	20.154	-0.457	21.154	1.543	
0.129	-0.384	-28.871	30.616	-27.871	31.616	-26.871	31.616	-18.871	22.616	-26.871	14.616	-28.871	30.616	-27.871	31.616	-26.871	31.616	-9.871	30.616	-8.871	28.616	0.129	-0.384	1.129	1.616	10.129	28.616	11.129	30.616	12.129	28.616	20.129	-0.384	21.129	1.616	
0.109	-0.323	-28.891	30.677	-27.891	31.677	-26.891	31.677	-18.891	22.677	-26.891	14.677	-28.891	30.677	-27.891	31.677	-26.891	31.677	-9.891	30.677	-8.891	28.677	0.109	-0.323	1.109	1.677	10.109	28.677	11.109	30.677	12.109	28.677	20.109	-0.323	21.109	1.677	
0.091	-0.271	-28.909	30.729	-27.909	31.729	-26.909	31.729	-18.909	22.729	-26.909	14.729	-28.909	30.729	-27.909	31.729	-26.909	31.729	-9.909	30.729	-8.909	28.729	0.091	-0.271	1.091	1.729	10.091	28.729	11.091	30.729	12.091	28.729	20.091	-0.271	21.091	1.729	
0.077	-0.228	-28.923	30.772	-27.923	31.772	-26.923	31.772	-18.923	22.772	-26.923	14.772	-28.923	30.772	-27.923	31.772	-26.923	31.772	-9.923	30.772	-8.923	28.772	0.077	-0.228	1.077	1.772	10.077	28.772	11.077	30.772	12.077	28.772	20.077	-0.228	21.077	1.772	
0.064	-0.191	-28.936	30.809	-27.936	31.809	-26.936	31.809	-18.936	22.809	-26.936	14.809	-28.936	30.809	-27.936	31.809	-26.936	31.809	-9.936	30.809	-8.936	28.809	0.064	-0.191	1.064	1.809	10.064	28.809	11.064	30.809	12.064	28.809	20.064	-0.191	21.064	1.809	
0.054	-0.161	-28.946	30.839	-27.946	31.839	-26.946	31.839	-18.946	22.839	-26.946	14.839	-28.946	30.839	-27.946	31.839	-26.946	31.839	-9.946	30.839	-8.946	28.839	0.054	-0.161	1.054	1.839	10.054	28.839	11.054	30.839	12.054	28.839	20.054	-0.161	21.054	1.839	
0.045	-0.135	-28.955	30.865	-27.955	31.865	-26.955	31.865	-18.955	22.865	-26.955	14.865	-28.955	30.865	-27.955	31.865	-26.955	31.865	-9.955	30.865	-8.955	28.865	0.045	-0.135	1.045	1.865	10.045	28.865	11.045	30.865	12.045	28.865	20.045	-0.135	21.045	1.865	
0.038	-0.113	-28.962	30.887	-27.962	31.887	-26.962	31.887	-18.962	22.887	-26.962	14.887	-28.962	30.887	-27.962	31.887	-26.962	31.887	-9.962	30.887	-8.962	28.887	0.038	-0.113	1.038	1.887	10.038	28.887	11.038	30.887	12.038	28.887	20.038	-0.113	21.038	1.887	
0.032	-0.095	-28.968	30.905	-27.968	31.905	-26.968	31.905	-18.968	22.905	-26.968	14.905	-28.968	30.905	-27.968	31.905	-26.968	31.905	-9.968	30.905	-8.968	28.905	0.032	-0.095	1.032	1.905	10.032	28.905	11.032	30.905	12.032	28.905	20.032	-0.095	21.032	1.905	
0.027	-0.080	-28.973	30.920	-27.973	31.920	-26.973	31.920	-18.973	22.920	-26.973	14.920	-28.973	30.920	-27.973	31.920	-26.973	31.920	-9.973	30.920	-8.973	28.920	0.027	-0.080	1.027	1.920	10.027	28.920	11.027	30.920	12.027	28.920	20.027	-0.080	21.027	1.920	
0.023	-0.067	-28.977	30.933	-27.977	31.933	-26.977	31.933	-18.977	22.933	-26.977	14.933	-28.977	30.933	-27.977	31.933	-26.977	31.933	-9.977	30.933	-8.977	28.933	0.023	-0.067	1.023	1.933	10.023	28.933	11.023	30.933	12.023	28.933	20.023	-0.067	21.023	1.933	
0.019	-0.056	-28.981	30.944	-27.981	31.944	-26.981	31.944	-18.981	22.944	-26.981	14.944	-28.981	30.944	-27.981	31.944	-26.981	31.944	-9.981	30.944	-8.981	28.944	0.019	-0.056	1.019	1.944	10.019	28.944	11.019	30.944	12.019	28.944	20.019	-0.056	21.019	1.944	
0.016	-0.047	-28.984	30.953	-27.984	31.953	-26.984	31.953	-18.984	22.953	-26.984	14.953	-28.984	30.953	-27.984	31.953	-26.984	31.953	-9.984	30.953	-8.984	28.953	0.016	-0.047	1.016	1.953	10.016	28.953	11.016	30.953	12.016	28.953	20.016	-0.047	21.016	1.953	
0.013	-0.040	-28.987	30.960	-27.987	31.960	-26.987	31.960	-18.987	22.960	-26.987	14.960	-28.987	30.960	-27.987	31.960	-26.987	31.960	-9.987	30.960	-8.987	28.960	0.013	-0.040	1.013	1.960	10.013	28.960	11.013	30.960	12.013	28.960	20.013	-0.040	21.013	1.960	
0.011	-0.033	-28.989	30.967	-27.989	31.967	-26.989	31.967	-18.989	22.967	-26.989	14.967	-28.989	30.967	-27.989	31.967	-26.989	31.967	-9.989	30.967	-8.989	28.967	0.011	-0.033	1.011	1.967	10.011	28.967	11.011	30.967	12.011	28.967	20.011	-0.033	21.011	1.967	
0.008	-0.023	-28.992	30.977	-27.992	31.977	-26.992	31.977	-18.992	22.977	-26.992	14.977	-28.992	30.977	-27.992	31.977	-26.992	31.977	-9.992	30.977	-8.992	28.977	0.008	-0.023	1.008	1.977	10.008	28.977	11.008	30.977	12.008	28.977	20.008	-0.023	21.008	1.977	
