dx		dy		dx0		dy0		dx1		dy1		dx2		dy2		dx3		dy3		dx4		dy4		dx5		dy5		dx6		dy6		dx7		dy7		dx8		dy8		dx9		dy9		dx10		dy10		dx11		dy11		dx12		dy12		dx13		dy13		dx14		dy14		dx15		dy15		dx16		dy16		dx17		dy17		dx18		dy18		dx19		dy19		dx20		dy20		dx21		dy218.019	-9.004	-1.981	-1.004	-0.981	-0.004	0.019	-0.004	8.019	-9.004	0.019	-17.004	-1.981	-1.004	-0.981	-0.004	0.019	-0.004	17.019	-1.004	18.019	-3.004	27.019	-32.004	28.019	-30.004	37.019	-3.004	38.019	-1.004	39.019	-3.004	47.019	-32.004	48.019	-30.004	
7.428	-8.758	-2.572	-0.758	-1.572	0.242	-0.572	0.242	7.428	-8.758	-0.572	-16.758	-2.572	-0.758	-1.572	0.242	-0.572	0.242	16.428	-0.758	17.428	-2.758	26.428	-31.758	27.428	-29.758	36.428	-2.758	37.428	-0.758	38.428	-2.758	46.428	-31.758	47.428	-29.758	
6.881	-8.426	-3.119	-0.426	-2.119	0.574	-1.119	0.574	6.881	-8.426	-1.119	-16.426	-3.119	-0.426	-2.119	0.574	-1.119	0.574	15.881	-0.426	16.881	-2.426	25.881	-31.426	26.881	-29.426	35.881	-2.426	36.881	-0.426	37.881	-2.426	45.881	-31.426	46.881	-29.426	
6.374	-8.036	-3.626	-0.036	-2.626	0.964	-1.626	0.964	6.374	-8.036	-1.626	-16.036	-3.626	-0.036	-2.626	0.964	-1.626	0.964	15.374	-0.036	16.374	-2.036	25.374	-31.036	26.374	-29.036	35.374	-2.036	36.374	-0.036	37.374	-2.036	45.374	-31.036	46.374	-29.036	
5.898	-7.608	-4.102	0.392	-3.102	1.392	-2.102	1.392	5.898	-7.608	-2.102	-15.608	-4.102	0.392	-3.102	1.392	-2.102	1.392	14.898	0.392	15.898	-1.608	24.898	-30.608	25.898	-28.608	34.898	-1.608	35.898	0.392	36.898	-1.608	44.898	-30.608	45.898	-28.608	
5.448	-7.153	-4.552	0.847	-3.552	1.847	-2.552	1.847	5.448	-7.153	-2.552	-15.153	-4.552	0.847	-3.552	1.847	-2.552	1.847	14.448	0.847	15.448	-1.153	24.448	-30.153	25.448	-28.153	34.448	-1.153	35.448	0.847	36.448	-1.153	44.448	-30.153	45.448	-28.153	
5.016	-6.680	-4.984	1.320	-3.984	2.320	-2.984	2.320	5.016	-6.680	-2.984	-14.680	-4.984	1.320	-3.984	2.320	-2.984	2.320	14.016	1.320	15.016	-0.680	24.016	-29.680	25.016	-27.680	34.016	-0.680	35.016	1.320	36.016	-0.680	44.016	-29.680	45.016	-27.680	
4.600	-6.194	-5.400	1.806	-4.400	2.806	-3.400	2.806	4.600	-6.194	-3.400	-14.194	-5.400	1.806	-4.400	2.806	-3.400	2.806	13.600	1.806	14.600	-0.194	23.600	-29.194	24.600	-27.194	33.600	-0.194	34.600	1.806	35.600	-0.194	43.600	-29.194	44.600	-27.194	
4.194	-5.699	-5.806	2.301	-4.806	3.301	-3.806	3.301	4.194	-5.699	-3.806	-13.699	-5.806	2.301	-4.806	3.301	-3.806	3.301	13.194	2.301	14.194	0.301	23.194	-28.699	24.194	-26.699	33.194	0.301	34.194	2.301	35.194	0.301	43.194	-28.699	44.194	-26.699	
3.797	-5.197	-6.203	2.803	-5.203	3.803	-4.203	3.803	3.797	-5.197	-4.203	-13.197	-6.203	2.803	-5.203	3.803	-4.203	3.803	12.797	2.803	13.797	0.803	22.797	-28.197	23.797	-26.197	32.797	0.803	33.797	2.803	34.797	0.803	42.797	-28.197	43.797	-26.197	
3.406	-4.691	-6.594	3.309	-5.594	4.309	-4.594	4.309	3.021	-4.179	-4.979	-12.179	-6.979	3.821	-5.979	4.821	-4.979	4.821	12.021	3.821	13.021	1.821	22.021	-27.179	23.021	-25.179	32.021	1.821	33.021	3.821	34.021	1.821	42.021	-27.179	43.021	-25.179	
2.641	-3.664	-7.359	4.336	-6.359	5.336	-5.359	5.336	2.641	-3.664	-5.359	-11.664	-7.359	4.336	-6.359	5.336	-5.359	5.336	11.641	4.336	12.641	2.336	21.641	-26.664	22.641	-24.664	31.641	2.336	32.641	4.336	33.641	2.336	41.641	-26.664	42.641	-24.664	
2.263	-3.148	-7.737	4.852	-6.737	5.852	-5.737	5.852	2.263	-3.148	-5.737	-11.148	-7.737	4.852	-6.737	5.852	-5.737	5.852	11.263	4.852	12.263	2.852	21.263	-26.148	22.263	-24.148	31.263	2.852	32.263	4.852	33.263	2.852	41.263	-26.148	42.263	-24.148	
1.898	-2.646	-8.102	5.354	-7.102	6.354	-6.102	6.354	1.898	-2.646	-6.102	-10.646	-8.102	5.354	-7.102	6.354	-6.102	6.354	10.898	5.354	11.898	3.354	20.898	-25.646	21.898	-23.646	30.898	3.354	31.898	5.354	32.898	3.354	40.898	-25.646	41.898	-23.646	
1.592	-2.224	-8.408	5.776	-7.408	6.776	-6.408	6.776	1.592	-2.224	-6.408	-10.224	-8.408	5.776	-7.408	6.776	-6.408	6.776	10.592	5.776	11.592	3.776	20.592	-25.224	21.592	-23.224	30.592	3.776	31.592	5.776	32.592	3.776	40.592	-25.224	41.592	-23.224	
1.336	-1.869	-8.664	6.131	-7.664	7.131	-6.664	7.131	1.336	-1.869	-6.664	-9.869	-8.664	6.131	-7.664	7.131	-6.664	7.131	10.336	6.131	11.336	4.131	20.336	-24.869	21.336	-22.869	30.336	4.131	31.336	6.131	32.336	4.131	40.336	-24.869	41.336	-22.869	
1.122	-1.571	-8.878	6.429	-7.878	7.429	-6.878	7.429	1.122	-1.571	-6.878	-9.571	-8.878	6.429	-7.878	7.429	-6.878	7.429	10.122	6.429	11.122	4.429	20.122	-24.571	21.122	-22.571	30.122	4.429	31.122	6.429	32.122	4.429	40.122	-24.571	41.122	-22.571	
0.941	-1.320	-9.059	6.680	-8.059	7.680	-7.059	7.680	0.941	-1.320	-7.059	-9.320	-9.059	6.680	-8.059	7.680	-7.059	7.680	9.941	6.680	10.941	4.680	19.941	-24.320	20.941	-22.320	29.941	4.680	30.941	6.680	31.941	4.680	39.941	-24.320	40.941	-22.320	
0.790	-1.109	-9.210	6.891	-8.210	7.891	-7.210	7.891	0.790	-1.109	-7.210	-9.109	-9.210	6.891	-8.210	7.891	-7.210	7.891	9.790	6.891	10.790	4.891	19.790	-24.109	20.790	-22.109	29.790	4.891	30.790	6.891	31.790	4.891	39.790	-24.109	40.790	-22.109	
0.664	-0.932	-9.336	7.068	-8.336	8.068	-7.336	8.068	0.664	-0.932	-7.336	-8.932	-9.336	7.068	-8.336	8.068	-7.336	8.068	9.664	7.068	10.664	5.068	19.664	-23.932	20.664	-21.932	29.664	5.068	30.664	7.068	31.664	5.068	39.664	-23.932	40.664	-21.932	
0.557	-0.783	-9.443	7.217	-8.443	8.217	-7.443	8.217	0.557	-0.783	-7.443	-8.783	-9.443	7.217	-8.443	8.217	-7.443	8.217	9.557	7.217	10.557	5.217	19.557	-23.783	20.557	-21.783	29.557	5.217	30.557	7.217	31.557	5.217	39.557	-23.783	40.557	-21.783	
0.468	-0.658	-9.532	7.342	-8.532	8.342	-7.532	8.342	0.468	-0.658	-7.532	-8.658	-9.532	7.342	-8.532	8.342	-7.532	8.342	9.468	7.342	10.468	5.342	19.468	-23.658	20.468	-21.658	29.468	5.342	30.468	7.342	31.468	5.342	39.468	-23.658	40.468	-21.658	
0.393	-0.553	-9.607	7.447	-8.607	8.447	-7.607	8.447	0.393	-0.553	-7.607	-8.553	-9.607	7.447	-8.607	8.447	-7.607	8.447	9.393	7.447	10.393	5.447	19.393	-23.553	20.393	-21.553	29.393	5.447	30.393	7.447	31.393	5.447	39.393	-23.553	40.393	-21.553	
0.330	-0.464	-9.670	7.536	-8.670	8.536	-7.670	8.536	0.330	-0.464	-7.670	-8.464	-9.670	7.536	-8.670	8.536	-7.670	8.536	9.330	7.536	10.330	5.536	19.330	-23.464	20.330	-21.464	29.330	5.536	30.330	7.536	31.330	5.536	39.330	-23.464	40.330	-21.464	
0.277	-0.390	-9.723	7.610	-8.723	8.610	-7.723	8.610	0.277	-0.390	-7.723	-8.390	-9.723	7.610	-8.723	8.610	-7.723	8.610	9.277	7.610	10.277	5.610	19.277	-23.390	20.277	-21.390	29.277	5.610	30.277	7.610	31.277	5.610	39.277	-23.390	40.277	-21.390	
0.233	-0.328	-9.767	7.672	-8.767	8.672	-7.767	8.672	0.233	-0.328	-7.767	-8.328	-9.767	7.672	-8.767	8.672	-7.767	8.672	9.233	7.672	10.233	5.672	19.233	-23.328	20.233	-21.328	29.233	5.672	30.233	7.672	31.233	5.672	39.233	-23.328	40.233	-21.328	
0.196	-0.275	-9.804	7.725	-8.804	8.725	-7.804	8.725	0.196	-0.275	-7.804	-8.275	-9.804	7.725	-8.804	8.725	-7.804	8.725	9.196	7.725	10.196	5.725	19.196	-23.275	20.196	-21.275	29.196	5.725	30.196	7.725	31.196	5.725	39.196	-23.275	40.196	-21.275	
0.164	-0.231	-9.836	7.769	-8.836	8.769	-7.836	8.769	0.164	-0.231	-7.836	-8.231	-9.836	7.769	-8.836	8.769	-7.836	8.769	9.164	7.769	10.164	5.769	19.164	-23.231	20.164	-21.231	29.164	5.769	30.164	7.769	31.164	5.769	39.164	-23.231	40.164	-21.231	
0.138	-0.194	-9.862	7.806	-8.862	8.806	-7.862	8.806	0.138	-0.194	-7.862	-8.194	-9.862	7.806	-8.862	8.806	-7.862	8.806	9.138	7.806	10.138	5.806	19.138	-23.194	20.138	-21.194	29.138	5.806	30.138	7.806	31.138	5.806	39.138	-23.194	40.138	-21.194	
0.116	-0.163	-9.884	7.837	-8.884	8.837	-7.884	8.837	0.116	-0.163	-7.884	-8.163	-9.884	7.837	-8.884	8.837	-7.884	8.837	9.116	7.837	10.116	5.837	19.116	-23.163	20.116	-21.163	29.116	5.837	30.116	7.837	31.116	5.837	39.116	-23.163	40.116	-21.163	
0.097	-0.137	-9.903	7.863	-8.903	8.863	-7.903	8.863	0.097	-0.137	-7.903	-8.137	-9.903	7.863	-8.903	8.863	-7.903	8.863	9.097	7.863	10.097	5.863	19.097	-23.137	20.097	-21.137	29.097	5.863	30.097	7.863	31.097	5.863	39.097	-23.137	40.097	-21.137	
0.082	-0.115	-9.918	7.885	-8.918	8.885	-7.918	8.885	0.082	-0.115	-7.918	-8.115	-9.918	7.885	-8.918	8.885	-7.918	8.885	9.082	7.885	10.082	5.885	19.082	-23.115	20.082	-21.115	29.082	5.885	30.082	7.885	31.082	5.885	39.082	-23.115	40.082	-21.115	
0.069	-0.097	-9.931	7.903	-8.931	8.903	-7.931	8.903	0.069	-0.097	-7.931	-8.097	-9.931	7.903	-8.931	8.903	-7.931	8.903	9.069	7.903	10.069	5.903	19.069	-23.097	20.069	-21.097	29.069	5.903	30.069	7.903	31.069	5.903	39.069	-23.097	40.069	-21.097	
0.058	-0.081	-9.942	7.919	-8.942	8.919	-7.942	8.919	0.058	-0.081	-7.942	-8.081	-9.942	7.919	-8.942	8.919	-7.942	8.919	9.058	7.919	10.058	5.919	19.058	-23.081	20.058	-21.081	29.058	5.919	30.058	7.919	31.058	5.919	39.058	-23.081	40.058	-21.081	
0.048	-0.068	-9.952	7.932	-8.952	8.932	-7.952	8.932	0.048	-0.068	-7.952	-8.068	-9.952	7.932	-8.952	8.932	-7.952	8.932	9.048	7.932	10.048	5.932	19.048	-23.068	20.039	-21.055	29.039	5.945	30.039	7.945	31.039	5.945	39.039	-23.055	40.039	-21.055	
0.031	-0.044	-9.969	7.956	-8.969	8.956	-7.969	8.956	0.031	-0.044	-7.969	-8.044	-9.969	7.956	-8.969	8.956	-7.969	8.956	9.031	7.956	10.031	5.956	19.031	-23.044	20.031	-21.044	29.031	5.956	30.031	7.956	31.031	5.956	39.031	-23.044	40.031	-21.044	
0.026	-0.037	-9.974	7.963	-8.974	8.963	-7.974	8.963	0.026	-0.037	-7.974	-8.037	-9.974	7.963	-8.974	8.963	-7.974	8.963	9.026	7.963	10.026	5.963	19.026	-23.037	20.026	-21.037	29.026	5.963	30.026	7.963	31.026	5.963	39.026	-23.037	40.026	-21.037	
0.022	-0.031	-9.978	7.969	-8.978	8.969	-7.978	8.969	0.022	-0.031	-7.978	-8.031	-9.978	7.969	-8.978	8.969	-7.978	8.969	9.022	7.969	10.022	5.969	19.022	-23.031	20.022	-21.031	29.022	5.969	30.022	7.969	31.022	5.969	39.022	-23.031	40.022	-21.031	
0.019	-0.026	-9.981	7.974	-8.981	8.974	-7.981	8.974	0.019	-0.026	-7.981	-8.026	-9.981	7.974	-8.981	8.974	-7.981	8.974	9.019	7.974	10.019	5.974	19.019	-23.026	20.019	-21.026	29.019	5.974	30.019	7.974	31.019	5.974	39.019	-23.026	40.019	-21.026	
0.016	-0.022	-9.984	7.978	-8.984	8.978	-7.984	8.978	0.016	-0.022	-7.984	-8.022	-9.984	7.978	-8.984	8.978	-7.984	8.978	9.016	7.978	10.016	5.978	19.016	-23.022	20.016	-21.022	29.016	5.978	30.016	7.978	31.016	5.978	39.016	-23.022	40.016	-21.022	
0.013	-0.019	-9.987	7.981	-8.987	8.981	-7.987	8.981	0.013	-0.019	-7.987	-8.019	-9.987	7.981	-8.987	8.981	-7.987	8.981	9.013	7.981	10.013	5.981	19.013	-23.019	20.013	-21.019	29.013	5.981	30.013	7.981	31.013	5.981	39.013	-23.019	40.013	-21.019	
