dx		dy		dx0		dy0		dx1		dy1		dx2		dy2		dx3		dy3		dx4		dy4		dx5		dy5		dx6		dy6		dx7		dy7		dx8		dy8		dx9		dy9		dx10		dy10		dx11		dy11		dx12		dy12		dx13		dy13		dx14		dy14		dx15		dy15		dx16		dy16		dx17		dy17		dx18		dy18		dx19		dy19		dx20		dy20		dx21		dy219.989	29.015	-50.011	29.015	-49.011	30.015	-48.011	30.015	-40.011	21.015	-48.011	13.015	-50.011	29.015	-49.011	30.015	-48.011	30.015	-31.011	29.015	-30.011	27.015	-21.011	-1.985	-20.011	0.015	-11.011	27.015	-10.011	29.015	-9.011	27.015	-1.011	-1.985	-0.011	0.015	
10.195	28.409	-49.805	28.409	-48.805	29.409	-47.805	29.409	-39.805	20.409	-47.805	12.409	-49.805	28.409	-48.805	29.409	-47.805	29.409	-30.805	28.409	-29.805	26.409	-20.805	-2.591	-19.805	-0.591	-10.805	26.409	-9.805	28.409	-8.805	26.409	-0.805	-2.591	0.195	-0.591	
10.267	27.774	-49.733	27.774	-48.733	28.774	-47.733	28.774	-39.733	19.774	-47.733	11.774	-49.733	27.774	-48.733	28.774	-47.733	28.774	-30.733	27.774	-29.733	25.774	-20.733	-3.226	-19.733	-1.226	-10.733	25.774	-9.733	27.774	-8.733	25.774	-0.733	-3.226	0.267	-1.226	
10.244	27.134	-49.756	27.134	-48.756	28.134	-47.756	28.134	-39.756	19.134	-47.756	11.134	-49.756	27.134	-48.756	28.134	-47.756	28.134	-30.756	27.134	-29.756	25.134	-20.756	-3.866	-19.756	-1.866	-10.756	25.134	-9.756	27.134	-8.756	25.134	-0.756	-3.866	0.244	-1.866	
10.154	26.500	-49.846	26.500	-48.846	27.500	-47.846	27.500	-39.846	18.500	-47.846	10.500	-49.846	26.500	-48.846	27.500	-47.846	27.500	-30.846	26.500	-29.846	24.500	-20.846	-4.500	-19.846	-2.500	-10.846	24.500	-9.846	26.500	-8.846	24.500	-0.846	-4.500	0.154	-2.500	
10.019	25.875	-49.981	25.875	-48.981	26.875	-47.981	26.875	-39.981	17.875	-47.981	9.875	-49.981	25.875	-48.981	26.875	-47.981	26.875	-30.981	25.875	-29.981	23.875	-20.981	-5.125	-19.981	-3.125	-10.981	23.875	-9.981	25.875	-8.981	23.875	-0.981	-5.125	0.019	-3.125	
9.853	25.257	-50.147	25.257	-49.147	26.257	-48.147	26.257	-40.147	17.257	-48.147	9.257	-50.147	25.257	-49.147	26.257	-48.147	26.257	-31.147	25.257	-30.147	23.257	-21.147	-5.743	-20.147	-3.743	-11.147	23.257	-10.147	25.257	-9.147	23.257	-1.147	-5.743	-0.147	-3.743	
9.665	24.645	-50.335	24.645	-49.335	25.645	-48.335	25.645	-40.335	16.645	-48.335	8.645	-50.335	24.645	-49.335	25.645	-48.335	25.645	-31.335	24.645	-30.335	22.645	-21.335	-6.355	-20.335	-4.355	-11.335	22.645	-10.335	24.645	-9.335	22.645	-1.335	-6.355	-0.335	-4.355	
9.462	24.038	-50.538	24.038	-49.538	25.038	-48.538	25.038	-40.538	16.038	-48.538	8.038	-50.538	24.038	-49.538	25.038	-48.538	25.038	-31.538	24.038	-30.538	22.038	-21.538	-6.962	-20.538	-4.962	-11.538	22.038	-10.538	24.038	-9.538	22.038	-1.538	-6.962	-0.538	-4.962	
9.250	23.434	-50.750	23.434	-49.750	24.434	-48.750	24.434	-40.750	15.434	-48.750	7.434	-50.750	23.434	-49.750	24.434	-48.750	24.434	-31.750	23.434	-30.750	21.434	-21.750	-7.566	-20.750	-5.566	-11.750	21.434	-10.750	23.434	-9.750	21.434	-1.750	-7.566	-0.750	-5.566	
9.030	22.833	-50.970	22.833	-49.970	23.833	-48.970	23.833	-40.970	14.833	-48.970	6.833	-50.970	22.833	-49.970	23.833	-48.970	23.833	-31.970	22.833	-30.970	20.833	-21.970	-8.167	-20.970	-6.167	-11.970	20.833	-10.970	22.833	-9.970	20.833	-1.970	-8.167	-0.970	-6.167	
8.805	22.234	-51.195	22.234	-50.195	23.234	-49.195	23.234	-41.195	14.234	-49.195	6.234	-51.195	22.234	-50.195	23.234	-49.195	23.234	-32.195	22.234	-31.195	20.234	-22.195	-8.766	-21.195	-6.766	-12.195	20.234	-11.195	22.234	-10.195	20.234	-2.195	-8.766	-1.195	-6.766	
8.576	21.636	-51.424	21.636	-50.424	22.636	-49.424	22.636	-41.424	13.636	-49.424	5.636	-51.424	21.636	-50.424	22.636	-49.424	22.636	-32.424	21.636	-31.424	19.636	-22.424	-9.364	-21.424	-7.364	-12.424	19.636	-11.424	21.636	-10.424	19.636	-2.424	-9.364	-1.424	-7.364	
8.346	21.039	-51.654	21.039	-50.654	22.039	-49.654	22.039	-41.654	13.039	-49.654	5.039	-51.654	21.039	-50.654	22.039	-49.654	22.039	-32.654	21.039	-31.654	19.039	-22.654	-9.961	-21.654	-7.961	-12.654	19.039	-11.654	21.039	-10.654	19.039	-2.654	-9.961	-1.654	-7.961	
8.113	20.443	-51.887	20.443	-50.887	21.443	-49.887	21.443	-41.887	12.443	-49.887	4.443	-51.887	20.443	-50.887	21.443	-49.887	21.443	-32.887	20.443	-31.887	18.443	-22.887	-10.557	-21.887	-8.557	-12.887	18.443	-11.887	20.443	-10.887	18.443	-2.887	-10.557	-1.887	-8.557	
7.880	19.251	-52.355	19.251	-51.355	20.251	-50.355	20.251	-42.355	11.251	-50.355	3.251	-52.355	19.251	-51.355	20.251	-50.355	20.251	-33.355	19.251	-32.355	17.251	-23.355	-11.749	-22.355	-9.749	-13.355	17.251	-12.355	19.251	-11.355	17.251	-3.355	-11.749	-2.355	-9.749	
7.409	18.656	-52.591	18.656	-51.591	19.656	-50.591	19.656	-42.591	10.656	-50.591	2.656	-52.591	18.656	-51.591	19.656	-50.591	19.656	-33.591	18.656	-32.591	16.656	-23.591	-12.344	-22.591	-10.344	-13.591	16.656	-12.591	18.656	-11.591	16.656	-3.591	-12.344	-2.591	-10.344	
7.174	18.061	-52.826	18.061	-51.826	19.061	-50.826	19.061	-42.826	10.061	-50.826	2.061	-52.826	18.061	-51.826	19.061	-50.826	19.061	-33.826	18.061	-32.826	16.061	-23.826	-12.939	-22.826	-10.939	-13.826	16.061	-12.826	18.061	-11.826	16.061	-3.826	-12.939	-2.826	-10.939	
6.938	17.467	-53.062	17.467	-52.062	18.467	-51.062	18.467	-43.062	9.467	-51.062	1.467	-53.062	17.467	-52.062	18.467	-51.062	18.467	-34.062	17.467	-33.062	15.467	-24.062	-13.533	-23.062	-11.533	-14.062	15.467	-13.062	17.467	-12.062	15.467	-4.062	-13.533	-3.062	-11.533	
6.702	16.872	-53.298	16.872	-52.298	17.872	-51.298	17.872	-43.298	8.872	-51.298	0.872	-53.298	16.872	-52.298	17.872	-51.298	17.872	-34.298	16.872	-33.298	14.872	-24.298	-14.128	-23.298	-12.128	-14.298	14.872	-13.298	16.872	-12.298	14.872	-4.298	-14.128	-3.298	-12.128	
6.465	16.277	-53.535	16.277	-52.535	17.277	-51.535	17.277	-43.535	8.277	-51.535	0.277	-53.535	16.277	-52.535	17.277	-51.535	17.277	-34.535	16.277	-33.535	14.277	-24.535	-14.723	-23.535	-12.723	-14.535	14.277	-13.535	16.277	-12.535	14.277	-4.535	-14.723	-3.535	-12.723	
6.229	15.682	-53.771	15.682	-52.771	16.682	-51.771	16.682	-43.771	7.682	-51.771	-0.318	-53.771	15.682	-52.771	16.682	-51.771	16.682	-34.771	15.682	-33.771	13.682	-24.771	-15.318	-23.771	-13.318	-14.771	13.682	-13.771	15.682	-12.771	13.682	-4.771	-15.318	-3.771	-13.318	
5.993	15.087	-54.007	15.087	-53.007	16.087	-52.007	16.087	-44.007	7.087	-52.007	-0.913	-54.007	15.087	-53.007	16.087	-52.007	16.087	-35.007	15.087	-34.007	13.087	-25.007	-15.913	-24.007	-13.913	-15.007	13.087	-14.007	15.087	-13.007	13.087	-5.007	-15.913	-4.007	-13.913	
5.757	14.492	-54.243	14.492	-53.243	15.492	-52.243	15.492	-44.243	6.492	-52.243	-1.508	-54.243	14.492	-53.243	15.492	-52.243	15.492	-35.243	14.492	-34.243	12.492	-25.243	-16.508	-24.243	-14.508	-15.243	12.492	-14.243	14.492	-13.243	12.492	-5.243	-16.508	-4.243	-14.508	
5.521	13.898	-54.479	13.898	-53.479	14.898	-52.479	14.898	-44.479	5.898	-52.479	-2.102	-54.479	13.898	-53.479	14.898	-52.479	14.898	-35.479	13.898	-34.479	11.898	-25.479	-17.102	-24.479	-15.102	-15.479	11.898	-14.479	13.898	-13.479	11.898	-5.479	-17.102	-4.479	-15.102	
5.284	13.303	-54.716	13.303	-53.716	14.303	-52.716	14.303	-44.716	5.303	-52.716	-2.697	-54.716	13.303	-53.716	14.303	-52.716	14.303	-35.716	13.303	-34.716	11.303	-25.716	-17.697	-24.716	-15.697	-15.716	11.303	-14.716	13.303	-13.716	11.303	-5.716	-17.697	-4.716	-15.697	
5.048	12.708	-54.952	12.708	-53.952	13.708	-52.952	13.708	-44.952	4.708	-52.952	-3.292	-54.952	12.708	-53.952	13.708	-52.952	13.708	-35.952	12.708	-34.952	10.708	-25.952	-18.292	-24.952	-16.292	-15.952	10.708	-14.952	12.708	-13.952	10.708	-5.952	-18.292	-4.952	-16.292	
4.812	12.113	-55.188	12.113	-54.188	13.113	-53.188	13.113	-45.188	4.113	-53.188	-3.887	-55.188	12.113	-54.188	13.113	-53.188	13.113	-36.188	12.113	-35.188	10.113	-26.188	-18.887	-25.188	-16.887	-16.188	10.113	-15.188	12.113	-14.188	10.113	-6.188	-18.887	-5.188	-16.887	
4.576	11.518	-55.424	11.518	-54.424	12.518	-53.424	12.518	-45.424	3.518	-53.424	-4.482	-55.424	11.518	-54.424	12.518	-53.424	12.518	-36.424	11.518	-35.424	9.518	-26.424	-19.482	-25.424	-17.482	-16.424	9.518	-15.424	11.518	-14.424	9.518	-6.424	-19.482	-5.424	-17.482	
4.339	10.924	-55.661	10.924	-54.661	11.924	-53.661	11.924	-45.661	2.924	-53.661	-5.076	-55.661	10.924	-54.661	11.924	-53.661	11.924	-36.661	10.924	-35.661	8.924	-26.661	-20.076	-25.661	-18.076	-16.661	8.924	-15.661	10.924	-14.661	8.924	-6.661	-20.076	-5.661	-18.076	
4.103	10.329	-55.897	10.329	-54.897	11.329	-53.897	11.329	-45.897	2.329	-53.897	-5.671	-55.897	10.329	-54.897	11.329	-53.897	11.329	-36.897	10.329	-35.897	8.329	-26.897	-20.671	-25.897	-18.671	-16.897	8.329	-15.897	10.329	-14.897	8.329	-6.897	-20.671	-5.897	-18.671	
3.867	9.734	-56.133	9.734	-55.133	10.734	-54.133	10.734	-46.133	1.734	-54.133	-6.266	-56.133	9.734	-55.133	10.734	-54.133	10.734	-37.133	9.734	-36.133	7.734	-27.133	-21.266	-26.133	-19.266	-17.133	7.734	-16.133	9.734	-15.133	7.734	-7.133	-21.266	-6.133	-19.266	
3.631	9.139	-56.369	9.139	-55.369	10.139	-54.369	10.139	-46.369	1.139	-54.369	-6.861	-56.369	9.139	-55.369	10.139	-54.369	10.139	-37.369	9.139	-36.369	7.139	-27.369	-21.861	-26.369	-19.861	-17.369	7.139	-16.369	9.139	-15.369	7.139	-7.369	-21.861	-6.369	-19.861	
3.394	8.544	-56.606	8.544	-55.606	9.544	-54.606	9.544	-46.606	0.544	-54.606	-7.456	-56.606	8.544	-55.606	9.544	-54.606	9.544	-37.606	8.544	-36.606	6.544	-27.606	-22.456	-26.606	-20.456	-17.606	6.544	-16.606	8.544	-15.606	6.544	-7.606	-22.456	-6.606	-20.456	
3.158	7.950	-56.842	7.950	-55.842	8.950	-54.842	8.950	-46.842	-0.050	-54.842	-8.050	-56.842	7.950	-55.842	8.950	-54.842	8.950	-37.842	7.950	-36.842	5.950	-27.842	-23.050	-26.842	-21.050	-17.842	5.950	-16.842	7.950	-15.842	5.950	-7.842	-23.050	-6.842	-21.050	
2.922	7.355	-57.078	7.355	-56.078	8.355	-55.078	8.355	-47.078	-0.645	-55.078	-8.645	-57.078	7.355	-56.078	8.355	-55.078	8.355	-38.078	7.355	-37.078	5.355	-28.078	-23.645	-27.078	-21.645	-18.078	5.355	-17.078	7.355	-16.078	5.355	-8.078	-23.645	-7.078	-21.645	
2.685	6.760	-57.315	6.760	-56.315	7.760	-55.315	7.760	-47.315	-1.240	-55.315	-9.240	-57.315	6.760	-56.315	7.760	-55.315	7.760	-38.315	6.760	-37.315	4.760	-28.315	-24.240	-27.315	-22.240	-18.315	4.760	-17.315	6.760	-16.315	4.760	-8.315	-24.240	-7.315	-22.240	
2.449	6.165	-57.551	6.165	-56.551	7.165	-55.551	7.165	-47.551	-1.835	-55.551	-9.835	-57.551	6.165	-56.551	7.165	-55.551	7.165	-38.551	6.165	-37.551	4.165	-28.551	-24.835	-27.551	-22.835	-18.551	4.165	-17.551	6.165	-16.551	4.165	-8.551	-24.835	-7.551	-22.835	
2.213	5.570	-57.787	5.570	-56.787	6.570	-55.787	6.570	-47.787	-2.430	-55.787	-10.430	-57.787	5.570	-56.787	6.570	-55.787	6.570	-38.787	5.570	-37.787	3.570	-28.787	-25.430	-27.787	-23.430	-18.787	3.570	-17.787	5.570	-16.787	3.570	-8.787	-25.430	-7.787	-23.430	
1.977	4.976	-58.023	4.976	-57.023	5.976	-56.023	5.976	-48.023	-3.024	-56.023	-11.024	-58.260	4.381	-57.260	5.381	-56.260	5.381	-39.260	4.381	-38.260	2.381	-29.260	-26.619	-28.260	-24.619	-19.260	2.381	-18.260	4.381	-17.260	2.381	-9.260	-26.619	-8.260	-24.619	
1.504	3.786	-58.496	3.786	-57.496	4.786	-56.496	4.786	-48.496	-4.214	-56.496	-12.214	-58.496	3.786	-57.496	4.786	-56.496	4.786	-39.496	3.786	-38.496	1.786	-29.496	-27.214	-28.496	-25.214	-19.496	1.786	-18.496	3.786	-17.496	1.786	-9.496	-27.214	-8.496	-25.214	
1.268	3.191	-58.732	3.191	-57.732	4.191	-56.732	4.191	-48.732	-4.809	-56.732	-12.809	-58.732	3.191	-57.732	4.191	-56.732	4.191	-39.732	3.191	-38.732	1.191	-29.732	-27.809	-28.732	-25.809	-19.732	1.191	-18.732	3.191	-17.732	1.191	-9.732	-27.809	-8.732	-25.809	
1.065	2.681	-58.935	2.681	-57.935	3.681	-56.935	3.681	-48.935	-5.319	-56.935	-13.319	-58.935	2.681	-57.935	3.681	-56.935	3.681	-39.935	2.681	-38.935	0.681	-29.935	-28.319	-28.935	-26.319	-19.935	0.681	-18.935	2.681	-17.935	0.681	-9.935	-28.319	-8.935	-26.319	
0.895	2.252	-59.105	2.252	-58.105	3.252	-57.105	3.252	-49.105	-5.748	-57.105	-13.748	-59.105	2.252	-58.105	3.252	-57.105	3.252	-40.105	2.252	-39.105	0.252	-30.105	-28.748	-29.105	-26.748	-20.105	0.252	-19.105	2.252	-18.105	0.252	-10.105	-28.748	-9.105	-26.748	
0.751	1.891	-59.249	1.891	-58.249	2.891	-57.249	2.891	-49.249	-6.109	-57.249	-14.109	-59.249	1.891	-58.249	2.891	-57.249	2.891	-40.249	1.891	-39.249	-0.109	-30.249	-29.109	-29.249	-27.109	-20.249	-0.109	-19.249	1.891	-18.249	-0.109	-10.249	-29.109	-9.249	-27.109	
0.631	1.589	-59.369	1.589	-58.369	2.589	-57.369	2.589	-49.369	-6.411	-57.369	-14.411	-59.369	1.589	-58.369	2.589	-57.369	2.589	-40.369	1.589	-39.369	-0.411	-30.369	-29.411	-29.369	-27.411	-20.369	-0.411	-19.369	1.589	-18.369	-0.411	-10.369	-29.411	-9.369	-27.411	
0.530	1.335	-59.470	1.335	-58.470	2.335	-57.470	2.335	-49.470	-6.665	-57.470	-14.665	-59.470	1.335	-58.470	2.335	-57.470	2.335	-40.470	1.335	-39.470	-0.665	-30.470	-29.665	-29.470	-27.665	-20.470	-0.665	-19.470	1.335	-18.470	-0.665	-10.470	-29.665	-9.470	-27.665	
0.445	1.121	-59.555	1.121	-58.555	2.121	-57.555	2.121	-49.555	-6.879	-57.555	-14.879	-59.555	1.121	-58.555	2.121	-57.555	2.121	-40.555	1.121	-39.555	-0.879	-30.555	-29.879	-29.555	-27.879	-20.555	-0.879	-19.555	1.121	-18.555	-0.879	-10.555	-29.879	-9.555	-27.879	
0.374	0.942	-59.626	0.942	-58.626	1.942	-57.626	1.942	-49.626	-7.058	-57.626	-15.058	-59.626	0.942	-58.626	1.942	-57.626	1.942	-40.626	0.942	-39.626	-1.058	-30.626	-30.058	-29.626	-28.058	-20.626	-1.058	-19.626	0.942	-18.626	-1.058	-10.626	-30.058	-9.626	-28.058	
0.314	0.791	-59.686	0.791	-58.686	1.791	-57.686	1.791	-49.686	-7.209	-57.686	-15.209	-59.686	0.791	-58.686	1.791	-57.686	1.791	-40.686	0.791	-39.686	-1.209	-30.686	-30.209	-29.686	-28.209	-20.686	-1.209	-19.686	0.791	-18.686	-1.209	-10.686	-30.209	-9.686	-28.209	
0.264	0.664	-59.736	0.664	-58.736	1.664	-57.736	1.664	-49.736	-7.336	-57.736	-15.336	-59.736	0.664	-58.736	1.664	-57.736	1.664	-40.736	0.664	-39.736	-1.336	-30.736	-30.336	-29.736	-28.336	-20.736	-1.336	-19.736	0.664	-18.736	-1.336	-10.736	-30.336	-9.736	-28.336	
0.222	0.558	-59.778	0.558	-58.778	1.558	-57.778	1.558	-49.778	-7.442	-57.778	-15.442	-59.778	0.558	-58.778	1.558	-57.778	1.558	-40.778	0.558	-39.778	-1.442	-30.778	-30.442	-29.778	-28.442	-20.778	-1.442	-19.778	0.558	-18.778	-1.442	-10.778	-30.442	-9.778	-28.442	
0.186	0.469	-59.814	0.469	-58.814	1.469	-57.814	1.469	-49.814	-7.531	-57.814	-15.531	-59.814	0.469	-58.814	1.469	-57.814	1.469	-40.814	0.469	-39.814	-1.531	-30.814	-30.531	-29.814	-28.531	-20.814	-1.531	-19.814	0.469	-18.814	-1.531	-10.814	-30.531	-9.814	-28.531	
0.156	0.394	-59.844	0.394	-58.844	1.394	-57.844	1.394	-49.844	-7.606	-57.844	-15.606	-59.844	0.394	-58.844	1.394	-57.844	1.394	-40.844	0.394	-39.844	-1.606	-30.844	-30.606	-29.844	-28.606	-20.844	-1.606	-19.844	0.394	-18.844	-1.606	-10.844	-30.606	-9.844	-28.606	
0.131	0.331	-59.869	0.331	-58.869	1.331	-57.869	1.331	-49.869	-7.669	-57.869	-15.669	-59.869	0.331	-58.869	1.331	-57.869	1.331	-40.869	0.331	-39.869	-1.669	-30.869	-30.669	-29.869	-28.669	-20.869	-1.669	-19.869	0.331	-18.869	-1.669	-10.869	-30.669	-9.869	-28.669	
0.110	0.278	-59.890	0.278	-58.890	1.278	-57.890	1.278	-49.890	-7.722	-57.890	-15.722	-59.890	0.278	-58.890	1.278	-57.890	1.278	-40.890	0.278	-39.890	-1.722	-30.890	-30.722	-29.890	-28.722	-20.890	-1.722	-19.890	0.278	-18.890	-1.722	-10.890	-30.722	-9.890	-28.722	
0.093	0.233	-59.907	0.233	-58.907	1.233	-57.907	1.233	-49.907	-7.767	-57.907	-15.767	-59.907	0.233	-58.907	1.233	-57.907	1.233	-40.907	0.233	-39.907	-1.767	-30.907	-30.767	-29.907	-28.767	-20.907	-1.767	-19.907	0.233	-18.907	-1.767	-10.907	-30.767	-9.907	-28.767	
0.078	0.196	-59.922	0.196	-58.922	1.196	-57.922	1.196	-49.922	-7.804	-57.922	-15.804	-59.922	0.196	-58.922	1.196	-57.922	1.196	-40.922	0.196	-39.922	-1.804	-30.922	-30.804	-29.922	-28.804	-20.922	-1.804	-19.922	0.196	-18.922	-1.804	-10.922	-30.804	-9.922	-28.804	
0.065	0.165	-59.935	0.165	-58.935	1.165	-57.935	1.165	-49.935	-7.835	-57.935	-15.835	-59.935	0.165	-58.935	1.165	-57.935	1.165	-40.935	0.165	-39.935	-1.835	-30.935	-30.835	-29.935	-28.835	-20.935	-1.835	-19.935	0.165	-18.935	-1.835	-10.935	-30.835	-9.935	-28.835	
0.055	0.138	-59.945	0.138	-58.945	1.138	-57.945	1.138	-49.945	-7.862	-57.945	-15.862	-59.945	0.138	-58.945	1.138	-57.945	1.138	-40.945	0.138	-39.945	-1.862	-30.945	-30.862	-29.945	-28.862	-20.945	-1.862	-19.945	0.138	-18.945	-1.862	-10.945	-30.862	-9.945	-28.862	
0.046	0.116	-59.954	0.116	-58.954	1.116	-57.954	1.116	-49.954	-7.884	-57.954	-15.884	-59.954	0.116	-58.954	1.116	-57.954	1.116	-40.954	0.116	-39.954	-1.884	-30.954	-30.884	-29.954	-28.884	-20.954	-1.884	-19.954	0.116	-18.954	-1.884	-10.954	-30.884	-9.954	-28.884	
0.039	0.098	-59.961	0.098	-58.961	1.098	-57.961	1.098	-49.961	-7.902	-57.961	-15.902	-59.961	0.098	-58.961	1.098	-57.961	1.098	-40.961	0.098	-39.961	-1.902	-30.961	-30.902	-29.961	-28.902	-20.961	-1.902	-19.961	0.098	-18.961	-1.902	-10.961	-30.902	-9.961	-28.902	
0.033	0.082	-59.967	0.082	-58.967	1.082	-57.967	1.082	-49.967	-7.918	-57.967	-15.918	-59.967	0.082	-58.967	1.082	-57.967	1.082	-40.967	0.082	-39.967	-1.918	-30.967	-30.918	-29.967	-28.918	-20.967	-1.918	-19.967	0.082	-18.967	-1.918	-10.967	-30.918	-9.967	-28.918	
0.022	0.056	-59.978	0.056	-58.978	1.056	-57.978	1.056	-49.978	-7.944	-57.978	-15.944	-59.978	0.056	-58.978	1.056	-57.978	1.056	-40.978	0.056	-39.978	-1.944	-30.978	-30.944	-29.978	-28.944	-20.978	-1.944	-19.978	0.056	-18.978	-1.944	-10.978	-30.944	-9.978	-28.944	
0.018	0.045	-59.982	0.045	-58.982	1.045	-57.982	1.045	-49.982	-7.955	-57.982	-15.955	-59.982	0.045	-58.982	1.045	-57.982	1.045	-40.982	0.045	-39.982	-1.955	-30.982	-30.955	-29.982	-28.955	-20.982	-1.955	-19.982	0.045	-18.982	-1.955	-10.982	-30.955	-9.982	-28.955	
0.015	0.038	-59.985	0.038	-58.985	1.038	-57.985	1.038	-49.985	-7.962	-57.985	-15.962	-59.985	0.038	-58.985	1.038	-57.985	1.038	-40.985	0.038	-39.985	-1.962	-30.985	-30.962	-29.985	-28.962	-20.985	-1.962	-19.985	0.038	-18.985	-1.962	-10.985	-30.962	-9.985	-28.962	
0.013	0.032	-59.987	0.032	-58.987	1.032	-57.987	1.032	-49.987	-7.968	-57.987	-15.968	-59.987	0.032	-58.987	1.032	-57.987	1.032	-40.987	0.032	-39.987	-1.968	-30.987	-30.968	-29.987	-28.968	-20.987	-1.968	-19.987	0.032	-18.987	-1.968	-10.987	-30.968	-9.987	-28.968	
0.011	0.027	-59.989	0.027	-58.989	1.027	-57.989	1.027	-49.989	-7.973	-57.989	-15.973	-59.989	0.027	-58.989	1.027	-57.989	1.027	-40.989	0.027	-39.989	-1.973	-30.989	-30.973	-29.989	-28.973	-20.989	-1.973	-19.989	0.027	-18.989	-1.973	-10.989	-30.973	-9.989	-28.973	
0.009	0.022	-59.991	0.022	-58.991	1.022	-57.991	1.022	-49.991	-7.978	-57.991	-15.978	-59.991	0.022	-58.991	1.022	-57.991	1.022	-40.991	0.022	-39.991	-1.978	-30.991	-30.978	-29.991	-28.978	-20.991	-1.978	-19.991	0.022	-18.991	-1.978	-10.991	-30.978	-9.991	-28.978	
0.007	0.019	-59.993	0.019	-58.993	1.019	-57.993	1.019	-49.993	-7.981	-57.993	-15.981	-59.993	0.019	-58.993	1.019	-57.993	1.019	-40.993	0.019	-39.993	-1.981	-30.993	-30.981	-29.993	-28.981	-20.993	-1.981	-19.993	0.019	-18.993	-1.981	-10.993	-30.981	-9.993	-28.981	
