dx		dy		dx0		dy0		dx1		dy1		dx2		dy2		dx3		dy3		dx4		dy4		dx5		dy5		dx6		dy6		dx7		dy7		dx8		dy8		dx9		dy9		dx10		dy10		dx11		dy11		dx12		dy12		dx13		dy13		dx14		dy14		dx15		dy15		dx16		dy16		dx17		dy17		dx18		dy18		dx19		dy19		dx20		dy20		dx21		dy2117.015	-1.003	-1.985	-1.003	-0.985	-0.003	0.015	-0.003	8.015	-9.003	0.015	-17.003	-1.985	-1.003	-0.985	-0.003	0.015	-0.003	17.015	-1.003	18.015	-3.003	27.015	-32.003	28.015	-30.003	37.015	-3.003	38.015	-1.003	39.015	-3.003	47.015	-32.003	48.015	-30.003	
16.383	-0.901	-2.617	-0.901	-1.617	0.099	-0.617	0.099	7.383	-8.901	-0.617	-16.901	-2.617	-0.901	-1.617	0.099	-0.617	0.099	16.383	-0.901	17.383	-2.901	26.383	-31.901	27.383	-29.901	36.383	-2.901	37.383	-0.901	38.383	-2.901	46.383	-31.901	47.383	-29.901	
15.748	-0.820	-3.252	-0.820	-2.252	0.180	-1.252	0.180	6.748	-8.820	-1.252	-16.820	-3.252	-0.820	-2.252	0.180	-1.252	0.180	15.748	-0.820	16.748	-2.820	25.748	-31.820	26.748	-29.820	35.748	-2.820	36.748	-0.820	37.748	-2.820	45.748	-31.820	46.748	-29.820	
15.112	-0.754	-3.888	-0.754	-2.888	0.246	-1.888	0.246	6.112	-8.754	-1.888	-16.754	-3.888	-0.754	-2.888	0.246	-1.888	0.246	15.112	-0.754	16.112	-2.754	25.112	-31.754	26.112	-29.754	35.112	-2.754	36.112	-0.754	37.112	-2.754	45.112	-31.754	46.112	-29.754	
14.474	-0.699	-4.526	-0.699	-3.526	0.301	-2.526	0.301	5.474	-8.699	-2.526	-16.699	-4.526	-0.699	-3.526	0.301	-2.526	0.301	14.474	-0.699	15.474	-2.699	24.474	-31.699	25.474	-29.699	34.474	-2.699	35.474	-0.699	36.474	-2.699	44.474	-31.699	45.474	-29.699	
13.836	-0.652	-5.164	-0.652	-4.164	0.348	-3.164	0.348	4.836	-8.652	-3.164	-16.652	-5.164	-0.652	-4.164	0.348	-3.164	0.348	13.836	-0.652	14.836	-2.652	23.836	-31.652	24.836	-29.652	33.836	-2.652	34.836	-0.652	35.836	-2.652	43.836	-31.652	44.836	-29.652	
13.197	-0.610	-5.803	-0.610	-4.803	0.390	-3.803	0.390	4.197	-8.610	-3.803	-16.610	-5.803	-0.610	-4.803	0.390	-3.803	0.390	13.197	-0.610	14.197	-2.610	23.197	-31.610	24.197	-29.610	33.197	-2.610	34.197	-0.610	35.197	-2.610	43.197	-31.610	44.197	-29.610	
12.558	-0.572	-6.442	-0.572	-5.442	0.428	-4.442	0.428	3.558	-8.572	-4.442	-16.572	-6.442	-0.572	-5.442	0.428	-4.442	0.428	12.558	-0.572	13.558	-2.572	22.558	-31.572	23.558	-29.572	32.558	-2.572	33.558	-0.572	34.558	-2.572	42.558	-31.572	43.558	-29.572	
11.919	-0.537	-7.081	-0.537	-6.081	0.463	-5.081	0.463	2.919	-8.537	-5.081	-16.537	-7.081	-0.537	-6.081	0.463	-5.081	0.463	11.919	-0.537	12.919	-2.537	21.919	-31.537	22.919	-29.537	31.919	-2.537	32.919	-0.537	33.919	-2.537	41.919	-31.537	42.919	-29.537	
11.280	-0.504	-7.720	-0.504	-6.720	0.496	-5.720	0.496	2.280	-8.504	-5.720	-16.504	-7.720	-0.504	-6.720	0.496	-5.720	0.496	11.280	-0.504	12.280	-2.504	21.280	-31.504	22.280	-29.504	31.280	-2.504	32.280	-0.504	33.280	-2.504	41.280	-31.504	42.280	-29.504	
10.641	-0.473	-8.359	-0.473	-7.359	0.527	-6.359	0.527	1.641	-8.473	-6.359	-16.473	-8.359	-0.473	-7.359	0.527	-6.359	0.527	10.641	-0.473	11.641	-2.473	20.641	-31.473	21.641	-29.473	30.641	-2.473	31.641	-0.473	32.641	-2.473	40.641	-31.473	41.641	-29.473	
10.002	-0.442	-8.998	-0.442	-7.998	0.558	-6.998	0.558	1.002	-8.442	-6.998	-16.442	-8.998	-0.442	-7.998	0.558	-6.998	0.558	10.002	-0.442	11.002	-2.442	20.002	-31.442	21.002	-29.442	30.002	-2.442	31.002	-0.442	32.002	-2.442	40.002	-31.442	41.002	-29.442	
9.362	-0.412	-9.638	-0.412	-8.638	0.588	-7.638	0.588	0.362	-8.412	-7.638	-16.412	-9.638	-0.412	-8.638	0.588	-7.638	0.588	9.362	-0.412	10.362	-2.412	19.362	-31.412	20.362	-29.412	29.362	-2.412	30.362	-0.412	31.362	-2.412	39.362	-31.412	40.362	-29.412	
8.723	-0.383	-10.277	-0.383	-9.277	0.617	-8.277	0.617	-0.277	-8.383	-8.277	-16.383	-10.277	-0.383	-9.277	0.617	-8.277	0.617	8.723	-0.383	9.723	-2.383	18.723	-31.383	19.723	-29.383	28.723	-2.383	29.723	-0.383	30.723	-2.383	38.723	-31.383	39.723	-29.383	
8.084	-0.354	-10.916	-0.354	-9.916	0.646	-8.916	0.646	-0.916	-8.354	-8.916	-16.354	-10.916	-0.354	-9.916	0.646	-8.916	0.646	8.084	-0.354	9.084	-2.354	18.084	-31.354	19.084	-29.354	28.084	-2.354	29.084	-0.354	30.084	-2.354	38.084	-31.354	39.084	-29.354	
7.444	-0.325	-11.556	-0.325	-10.556	0.675	-9.556	0.675	-1.556	-8.325	-9.556	-16.325	-11.556	-0.325	-10.556	0.675	-9.556	0.675	7.444	-0.325	8.444	-2.325	17.444	-31.325	18.444	-29.325	27.444	-2.325	28.444	-0.325	29.444	-2.325	37.444	-31.325	38.444	-29.325	
6.805	-0.297	-12.195	-0.297	-11.195	0.703	-10.195	0.703	-2.195	-8.297	-10.195	-16.297	-12.195	-0.297	-11.195	0.703	-10.195	0.703	6.805	-0.297	7.805	-2.297	16.805	-31.297	17.805	-29.297	26.805	-2.297	27.805	-0.297	28.805	-2.297	36.805	-31.297	37.805	-29.297	
6.165	-0.269	-12.835	-0.269	-11.835	0.731	-10.835	0.731	-2.835	-8.269	-10.835	-16.269	-12.835	-0.269	-11.835	0.731	-10.835	0.731	6.165	-0.269	7.165	-2.269	16.165	-31.269	17.165	-29.269	26.165	-2.269	27.165	-0.269	28.165	-2.269	36.165	-31.269	37.165	-29.269	
5.526	-0.241	-13.474	-0.241	-12.474	0.759	-11.474	0.759	-3.474	-8.241	-11.474	-16.241	-13.474	-0.241	-12.474	0.759	-11.474	0.759	5.526	-0.241	6.526	-2.241	15.526	-31.241	16.526	-29.241	25.526	-2.241	26.526	-0.241	27.526	-2.241	35.526	-31.241	36.526	-29.241	
4.887	-0.213	-14.113	-0.213	-13.113	0.787	-12.113	0.787	-4.113	-8.213	-12.113	-16.213	-14.113	-0.213	-13.113	0.787	-12.113	0.787	4.887	-0.213	5.887	-2.213	14.887	-31.213	15.887	-29.213	24.887	-2.213	25.887	-0.213	26.887	-2.213	34.887	-31.213	35.887	-29.213	
4.247	-0.185	-14.753	-0.185	-13.753	0.815	-12.753	0.815	-4.753	-8.185	-12.753	-16.185	-14.753	-0.185	-13.753	0.815	-12.753	0.815	4.247	-0.185	5.247	-2.185	14.247	-31.185	15.247	-29.185	24.247	-2.185	25.247	-0.185	26.247	-2.185	34.247	-31.185	35.247	-29.185	
3.608	-0.157	-15.392	-0.157	-14.392	0.843	-13.392	0.843	-5.392	-8.157	-13.392	-16.157	-15.392	-0.157	-14.392	0.843	-13.392	0.843	3.608	-0.157	4.608	-2.157	13.608	-31.157	14.608	-29.157	23.608	-2.157	24.608	-0.157	25.608	-2.157	33.608	-31.157	34.608	-29.157	
3.031	-0.132	-15.969	-0.132	-14.969	0.868	-13.969	0.868	-5.969	-8.132	-13.969	-16.132	-15.969	-0.132	-14.969	0.868	-13.969	0.868	3.031	-0.132	4.031	-2.132	13.031	-31.132	14.031	-29.132	23.031	-2.132	24.031	-0.132	25.031	-2.132	33.031	-31.132	34.031	-29.132	
2.546	-0.110	-16.454	-0.110	-15.454	0.890	-14.454	0.890	-6.454	-8.110	-14.454	-16.110	-16.454	-0.110	-15.454	0.890	-14.454	0.890	2.546	-0.110	3.546	-2.110	12.546	-31.110	13.546	-29.110	22.546	-2.110	23.546	-0.110	24.546	-2.110	32.546	-31.110	33.546	-29.110	
1.731	-0.075	-17.269	-0.075	-16.269	0.925	-15.269	0.925	-7.269	-8.075	-15.269	-16.075	-17.269	-0.075	-16.269	0.925	-15.269	0.925	1.731	-0.075	2.731	-2.075	11.731	-31.075	12.731	-29.075	21.731	-2.075	22.731	-0.075	23.731	-2.075	31.731	-31.075	32.731	-29.075	
1.389	-0.060	-17.611	-0.060	-16.611	0.940	-15.611	0.940	-7.611	-8.060	-15.611	-16.060	-17.611	-0.060	-16.611	0.940	-15.611	0.940	1.389	-0.060	2.389	-2.060	11.389	-31.060	12.389	-29.060	21.389	-2.060	22.389	-0.060	23.389	-2.060	31.389	-31.060	32.389	-29.060	
1.167	-0.051	-17.833	-0.051	-16.833	0.949	-15.833	0.949	-7.833	-8.051	-15.833	-16.051	-17.833	-0.051	-16.833	0.949	-15.833	0.949	1.167	-0.051	2.167	-2.051	11.167	-31.051	12.167	-29.051	21.167	-2.051	22.167	-0.051	23.167	-2.051	31.167	-31.051	32.167	-29.051	
0.980	-0.042	-18.020	-0.042	-17.020	0.958	-16.020	0.958	-8.020	-8.042	-16.020	-16.042	-18.020	-0.042	-17.020	0.958	-16.020	0.958	0.980	-0.042	1.980	-2.042	10.980	-31.042	11.980	-29.042	20.980	-2.042	21.980	-0.042	22.980	-2.042	30.980	-31.042	31.980	-29.042	
0.823	-0.036	-18.177	-0.036	-17.177	0.964	-16.177	0.964	-8.177	-8.036	-16.177	-16.036	-18.177	-0.036	-17.177	0.964	-16.177	0.964	0.823	-0.036	1.823	-2.036	10.823	-31.036	11.823	-29.036	20.823	-2.036	21.823	-0.036	22.823	-2.036	30.823	-31.036	31.823	-29.036	
0.692	-0.030	-18.308	-0.030	-17.308	0.970	-16.308	0.970	-8.308	-8.030	-16.308	-16.030	-18.308	-0.030	-17.308	0.970	-16.308	0.970	0.692	-0.030	1.692	-2.030	10.692	-31.030	11.692	-29.030	20.692	-2.030	21.692	-0.030	22.692	-2.030	30.692	-31.030	31.692	-29.030	
0.581	-0.025	-18.419	-0.025	-17.419	0.975	-16.419	0.975	-8.419	-8.025	-16.419	-16.025	-18.419	-0.025	-17.419	0.975	-16.419	0.975	0.581	-0.025	1.581	-2.025	10.581	-31.025	11.581	-29.025	20.581	-2.025	21.581	-0.025	22.581	-2.025	30.581	-31.025	31.581	-29.025	
0.488	-0.021	-18.512	-0.021	-17.512	0.979	-16.512	0.979	-8.512	-8.021	-16.512	-16.021	-18.512	-0.021	-17.512	0.979	-16.512	0.979	0.488	-0.021	1.488	-2.021	10.488	-31.021	11.488	-29.021	20.488	-2.021	21.488	-0.021	22.488	-2.021	30.488	-31.021	31.488	-29.021	
0.410	-0.018	-18.590	-0.018	-17.590	0.982	-16.590	0.982	-8.590	-8.018	-16.590	-16.018	-18.590	-0.018	-17.590	0.982	-16.590	0.982	0.410	-0.018	1.410	-2.018	10.410	-31.018	11.410	-29.018	20.410	-2.018	21.410	-0.018	22.410	-2.018	30.410	-31.018	31.410	-29.018	
0.344	-0.015	-18.656	-0.015	-17.656	0.985	-16.656	0.985	-8.656	-8.015	-16.656	-16.015	-18.656	-0.015	-17.656	0.985	-16.656	0.985	0.344	-0.015	1.344	-2.015	10.344	-31.015	11.344	-29.015	20.344	-2.015	21.344	-0.015	22.344	-2.015	30.344	-31.015	31.344	-29.015	
0.289	-0.013	-18.711	-0.013	-17.711	0.987	-16.711	0.987	-8.711	-8.013	-16.711	-16.013	-18.711	-0.013	-17.711	0.987	-16.711	0.987	0.289	-0.013	1.289	-2.013	10.289	-31.013	11.289	-29.013	20.289	-2.013	21.289	-0.013	22.289	-2.013	30.289	-31.013	31.289	-29.013	
0.243	-0.011	-18.757	-0.011	-17.757	0.989	-16.757	0.989	-8.757	-8.011	-16.757	-16.011	-18.757	-0.011	-17.757	0.989	-16.757	0.989	0.243	-0.011	1.243	-2.011	10.243	-31.011	11.243	-29.011	20.243	-2.011	21.243	-0.011	22.243	-2.011	30.243	-31.011	31.243	-29.011	
0.204	-0.009	-18.796	-0.009	-17.796	0.991	-16.796	0.991	-8.796	-8.009	-16.796	-16.009	-18.796	-0.009	-17.796	0.991	-16.796	0.991	0.204	-0.009	1.204	-2.009	10.204	-31.009	11.204	-29.009	20.204	-2.009	21.204	-0.009	22.204	-2.009	30.204	-31.009	31.204	-29.009	
0.171	-0.007	-18.829	-0.007	-17.829	0.993	-16.829	0.993	-8.829	-8.007	-16.829	-16.007	-18.829	-0.007	-17.829	0.993	-16.829	0.993	0.171	-0.007	1.171	-2.007	10.171	-31.007	11.171	-29.007	20.171	-2.007	21.171	-0.007	22.171	-2.007	30.171	-31.007	31.171	-29.007	
0.144	-0.006	-18.856	-0.006	-17.856	0.994	-16.856	0.994	-8.856	-8.006	-16.856	-16.006	-18.856	-0.006	-17.856	0.994	-16.856	0.994	0.144	-0.006	1.144	-2.006	10.144	-31.006	11.144	-29.006	20.144	-2.006	21.144	-0.006	22.144	-2.006	30.144	-31.006	31.144	-29.006	
0.121	-0.005	-18.879	-0.005	-17.879	0.995	-16.879	0.995	-8.879	-8.005	-16.879	-16.005	-18.879	-0.005	-17.879	0.995	-16.879	0.995	0.121	-0.005	1.121	-2.005	10.121	-31.005	11.121	-29.005	20.121	-2.005	21.121	-0.005	22.121	-2.005	30.121	-31.005	31.121	-29.005	
0.102	-0.004	-18.898	-0.004	-17.898	0.996	-16.898	0.996	-8.898	-8.004	-16.898	-16.004	-18.898	-0.004	-17.898	0.996	-16.898	0.996	0.102	-0.004	1.102	-2.004	10.102	-31.004	11.102	-29.004	20.102	-2.004	21.102	-0.004	22.102	-2.004	30.102	-31.004	31.102	-29.004	
0.085	-0.004	-18.915	-0.004	-17.915	0.996	-16.915	0.996	-8.915	-8.004	-16.915	-16.004	-18.915	-0.004	-17.915	0.996	-16.915	0.996	0.085	-0.004	1.085	-2.004	10.085	-31.004	11.085	-29.004	20.085	-2.004	21.085	-0.004	22.085	-2.004	30.085	-31.004	31.085	-29.004	
0.072	-0.003	-18.928	-0.003	-17.928	0.997	-16.928	0.997	-8.928	-8.003	-16.928	-16.003	-18.928	-0.003	-17.928	0.997	-16.928	0.997	0.072	-0.003	1.072	-2.003	10.072	-31.003	11.072	-29.003	20.072	-2.003	21.072	-0.003	22.072	-2.003	30.072	-31.003	31.072	-29.003	
0.060	-0.003	-18.940	-0.003	-17.940	0.997	-16.940	0.997	-8.940	-8.003	-16.940	-16.003	-18.940	-0.003	-17.940	0.997	-16.940	0.997	0.060	-0.003	1.060	-2.003	10.060	-31.003	11.060	-29.003	20.060	-2.003	21.060	-0.003	22.060	-2.003	30.060	-31.003	31.060	-29.003	
0.051	-0.002	-18.949	-0.002	-17.949	0.998	-16.949	0.998	-8.949	-8.002	-16.949	-16.002	-18.949	-0.002	-17.949	0.998	-16.949	0.998	0.051	-0.002	1.051	-2.002	10.051	-31.002	11.051	-29.002	20.051	-2.002	21.051	-0.002	22.051	-2.002	30.051	-31.002	31.051	-29.002	
0.042	-0.002	-18.958	-0.002	-17.958	0.998	-16.958	0.998	-8.958	-8.002	-16.958	-16.002	-18.958	-0.002	-17.958	0.998	-16.958	0.998	0.042	-0.002	1.042	-2.002	10.042	-31.002	11.042	-29.002	20.042	-2.002	21.042	-0.002	22.042	-2.002	30.042	-31.002	31.042	-29.002	
0.036	-0.002	-18.964	-0.002	-17.964	0.998	-16.964	0.998	-8.964	-8.002	-16.964	-16.002	-18.964	-0.002	-17.964	0.998	-16.964	0.998	0.036	-0.002	1.036	-2.002	10.036	-31.002	11.036	-29.002	20.036	-2.002	21.036	-0.002	22.036	-2.002	30.036	-31.002	31.036	-29.002	
0.029	-0.001	-18.971	-0.001	-17.971	0.999	-16.971	0.999	-8.971	-8.001	-16.971	-16.001	-18.971	-0.001	-17.971	0.999	-16.971	0.999	0.029	-0.001	1.029	-2.001	10.029	-31.001	11.029	-29.001	20.029	-2.001	21.029	-0.001	22.029	-2.001	30.029	-31.001	31.029	-29.001	
0.020	-0.001	-18.980	-0.001	-17.980	0.999	-16.980	0.999	-8.980	-8.001	-16.980	-16.001	-18.980	-0.001	-17.980	0.999	-16.980	0.999	0.020	-0.001	1.020	-2.001	10.020	-31.001	11.020	-29.001	20.020	-2.001	21.020	-0.001	22.020	-2.001	30.020	-31.001	31.020	-29.001	
