dx		dy		dx0		dy0		dx1		dy1		dx2		dy2		dx3		dy3		dx4		dy4		dx5		dy5		dx6		dy6		dx7		dy7		dx8		dy8		dx9		dy9		dx10		dy10		dx11		dy11		dx12		dy12		dx13		dy13		dx14		dy14		dx15		dy15		dx16		dy16		dx17		dy17		dx18		dy18		dx19		dy19		dx20		dy20		dx21		dy211.001	1.015	0.001	0.015	1.001	1.015	2.001	1.015	10.001	-7.985	2.001	-15.985	0.001	0.015	1.001	1.015	2.001	1.015	19.001	0.015	20.001	-1.985	29.001	-30.985	30.001	-28.985	39.001	-1.985	40.001	0.015	41.001	-1.985	49.001	-30.985	50.001	-28.985	
0.936	0.797	-0.064	-0.203	0.936	0.797	1.936	0.797	9.936	-8.203	1.936	-16.203	-0.064	-0.203	0.936	0.797	1.936	0.797	18.936	-0.203	19.936	-2.203	28.936	-31.203	29.936	-29.203	38.936	-2.203	39.936	-0.203	40.936	-2.203	48.936	-31.203	49.936	-29.203	
0.847	0.622	-0.153	-0.378	0.847	0.622	1.847	0.622	9.847	-8.378	1.847	-16.378	-0.153	-0.378	0.847	0.622	1.847	0.622	18.847	-0.378	19.847	-2.378	28.847	-31.378	29.847	-29.378	38.847	-2.378	39.847	-0.378	40.847	-2.378	48.847	-31.378	49.847	-29.378	
0.749	0.485	-0.251	-0.515	0.749	0.485	1.749	0.485	9.749	-8.515	1.749	-16.515	-0.251	-0.515	0.749	0.485	1.749	0.485	18.749	-0.515	19.749	-2.515	28.749	-31.515	29.749	-29.515	38.749	-2.515	39.749	-0.515	40.749	-2.515	48.749	-31.515	49.749	-29.515	
0.652	0.380	-0.348	-0.620	0.652	0.380	1.652	0.380	9.652	-8.620	1.652	-16.620	-0.348	-0.620	0.652	0.380	1.652	0.380	18.652	-0.620	19.652	-2.620	28.652	-31.620	29.652	-29.620	38.652	-2.620	39.652	-0.620	40.652	-2.620	48.652	-31.620	49.652	-29.620	
0.563	0.299	-0.437	-0.701	0.563	0.299	1.563	0.299	9.563	-8.701	1.563	-16.701	-0.437	-0.701	0.563	0.299	1.563	0.299	18.563	-0.701	19.563	-2.701	28.563	-31.701	29.563	-29.701	38.563	-2.701	39.563	-0.701	40.563	-2.701	48.563	-31.701	49.563	-29.701	
0.482	0.237	-0.518	-0.763	0.482	0.237	1.482	0.237	9.482	-8.763	1.482	-16.763	-0.518	-0.763	0.482	0.237	1.482	0.237	18.482	-0.763	19.482	-2.763	28.482	-31.763	29.482	-29.763	38.482	-2.763	39.482	-0.763	40.482	-2.763	48.482	-31.763	49.482	-29.763	
0.410	0.189	-0.590	-0.811	0.410	0.189	1.410	0.189	9.410	-8.811	1.410	-16.811	-0.590	-0.811	0.410	0.189	1.410	0.189	18.410	-0.811	19.410	-2.811	28.410	-31.811	29.410	-29.811	38.410	-2.811	39.410	-0.811	40.410	-2.811	48.410	-31.811	49.410	-29.811	
0.348	0.152	-0.652	-0.848	0.348	0.152	1.348	0.152	9.348	-8.848	1.348	-16.848	-0.652	-0.848	0.348	0.152	1.348	0.152	18.348	-0.848	19.348	-2.848	28.348	-31.848	29.348	-29.848	38.348	-2.848	39.348	-0.848	40.348	-2.848	48.348	-31.848	49.348	-29.848	
0.295	0.123	-0.705	-0.877	0.295	0.123	1.295	0.123	9.295	-8.877	1.295	-16.877	-0.705	-0.877	0.295	0.123	1.295	0.123	18.295	-0.877	19.295	-2.877	28.295	-31.877	29.295	-29.877	38.295	-2.877	39.295	-0.877	40.295	-2.877	48.295	-31.877	49.295	-29.877	
0.249	0.100	-0.751	-0.900	0.249	0.100	1.249	0.100	9.249	-8.900	1.249	-16.900	-0.751	-0.900	0.249	0.100	1.249	0.100	18.249	-0.900	19.249	-2.900	28.249	-31.900	29.249	-29.900	38.249	-2.900	39.249	-0.900	40.249	-2.900	48.249	-31.900	49.249	-29.900	
0.210	0.082	-0.790	-0.918	0.210	0.082	1.210	0.082	9.210	-8.918	1.210	-16.918	-0.790	-0.918	0.210	0.082	1.210	0.082	18.210	-0.918	19.210	-2.918	28.210	-31.918	29.210	-29.918	38.210	-2.918	39.210	-0.918	40.210	-2.918	48.210	-31.918	49.210	-29.918	
0.177	0.067	-0.823	-0.933	0.177	0.067	1.177	0.067	9.177	-8.933	1.177	-16.933	-0.823	-0.933	0.177	0.067	1.177	0.067	18.177	-0.933	19.177	-2.933	28.177	-31.933	29.177	-29.933	38.177	-2.933	39.177	-0.933	40.177	-2.933	48.177	-31.933	49.177	-29.933	
0.149	0.055	-0.851	-0.945	0.149	0.055	1.149	0.055	9.149	-8.945	1.149	-16.945	-0.851	-0.945	0.149	0.055	1.149	0.055	18.149	-0.945	19.149	-2.945	28.149	-31.945	29.149	-29.945	38.149	-2.945	39.149	-0.945	40.149	-2.945	48.149	-31.945	49.149	-29.945	
0.126	0.046	-0.874	-0.954	0.126	0.046	1.126	0.046	9.126	-8.954	1.126	-16.954	-0.874	-0.954	0.126	0.046	1.126	0.046	18.126	-0.954	19.126	-2.954	28.126	-31.954	29.126	-29.954	38.126	-2.954	39.126	-0.954	40.126	-2.954	48.126	-31.954	49.126	-29.954	
0.106	0.038	-0.894	-0.962	0.106	0.038	1.106	0.038	9.106	-8.962	1.106	-16.962	-0.894	-0.962	0.106	0.038	1.106	0.038	18.106	-0.962	19.106	-2.962	28.106	-31.962	29.106	-29.962	38.106	-2.962	39.106	-0.962	40.106	-2.962	48.106	-31.962	49.106	-29.962	
0.089	0.031	-0.911	-0.969	0.089	0.031	1.089	0.031	9.089	-8.969	1.089	-16.969	-0.911	-0.969	0.089	0.031	1.089	0.031	18.089	-0.969	19.089	-2.969	28.089	-31.969	29.089	-29.969	38.089	-2.969	39.089	-0.969	40.089	-2.969	48.089	-31.969	49.089	-29.969	
0.075	0.026	-0.925	-0.974	0.075	0.026	1.075	0.026	9.075	-8.974	1.075	-16.974	-0.925	-0.974	0.075	0.026	1.075	0.026	18.075	-0.974	19.075	-2.974	28.075	-31.974	29.075	-29.974	38.075	-2.974	39.075	-0.974	40.075	-2.974	48.075	-31.974	49.075	-29.974	
0.063	0.022	-0.937	-0.978	0.063	0.022	1.063	0.022	9.063	-8.978	1.063	-16.978	-0.937	-0.978	0.063	0.022	1.063	0.022	18.063	-0.978	19.063	-2.978	28.063	-31.978	29.063	-29.978	38.063	-2.978	39.063	-0.978	40.063	-2.978	48.063	-31.978	49.063	-29.978	
0.053	0.018	-0.947	-0.982	0.053	0.018	1.053	0.018	9.053	-8.982	1.053	-16.982	-0.947	-0.982	0.053	0.018	1.053	0.018	18.053	-0.982	19.053	-2.982	28.053	-31.982	29.053	-29.982	38.053	-2.982	39.053	-0.982	40.053	-2.982	48.053	-31.982	49.053	-29.982	
0.044	0.015	-0.956	-0.985	0.044	0.015	1.044	0.015	9.044	-8.985	1.044	-16.985	-0.956	-0.985	0.044	0.015	1.044	0.015	18.044	-0.985	19.044	-2.985	28.044	-31.985	29.044	-29.985	38.044	-2.985	39.044	-0.985	40.044	-2.985	48.044	-31.985	49.044	-29.985	
0.037	0.013	-0.963	-0.987	0.037	0.013	1.037	0.013	9.037	-8.987	1.037	-16.987	-0.963	-0.987	0.037	0.013	1.037	0.013	18.037	-0.987	19.037	-2.987	28.037	-31.987	29.037	-29.987	38.037	-2.987	39.037	-0.987	40.037	-2.987	48.037	-31.987	49.037	-29.987	
0.031	0.011	-0.969	-0.989	0.031	0.011	1.031	0.011	9.031	-8.989	1.031	-16.989	-0.969	-0.989	0.031	0.011	1.031	0.011	18.031	-0.989	19.031	-2.989	28.031	-31.989	29.031	-29.989	38.031	-2.989	39.031	-0.989	40.031	-2.989	48.031	-31.989	49.031	-29.989	
0.026	0.009	-0.974	-0.991	0.026	0.009	1.021	0.007	9.021	-8.993	1.021	-16.993	-0.979	-0.993	0.021	0.007	1.021	0.007	18.021	-0.993	19.021	-2.993	28.021	-31.993	29.021	-29.993	38.021	-2.993	39.021	-0.993	40.021	-2.993	48.021	-31.993	49.021	-29.993	
