dx		dy		dx0		dy0		dx1		dy1		dx2		dy2		dx3		dy3		dx4		dy4		dx5		dy5		dx6		dy6		dx7		dy7		dx8		dy8		dx9		dy9		dx10		dy10		dx11		dy11		dx12		dy12		dx13		dy13		dx14		dy14		dx15		dy15		dx16		dy16		dx17		dy17		dx18		dy18		dx19		dy19		dx20		dy20		dx21		dy211.006	1.983	-48.994	30.983	-47.994	31.983	-46.994	31.983	-38.994	22.983	-46.994	15.983	-50.994	14.983	-49.994	13.983	-48.994	14.983	-48.994	30.983	-47.994	31.983	-46.994	31.983	-29.994	30.983	-28.994	28.983	-19.994	-0.017	-18.994	1.983	-9.994	28.983	-8.994	30.983	-7.994	28.983	0.006	-0.017	1.006	1.983	
0.694	2.155	-49.306	31.155	-48.306	32.155	-47.306	32.155	-39.306	23.155	-47.306	16.155	-51.306	15.155	-50.306	14.155	-49.306	15.155	-49.306	31.155	-48.306	32.155	-47.306	32.155	-30.306	31.155	-29.306	29.155	-20.306	0.155	-19.306	2.155	-10.306	29.155	-9.306	31.155	-8.306	29.155	-0.306	0.155	0.694	2.155	
0.333	2.133	-49.667	31.133	-48.667	32.133	-47.667	32.133	-39.667	23.133	-47.667	16.133	-51.667	15.133	-50.667	14.133	-49.667	15.133	-49.667	31.133	-48.667	32.133	-47.667	32.133	-30.667	31.133	-29.667	29.133	-20.667	0.133	-19.667	2.133	-10.667	29.133	-9.667	31.133	-8.667	29.133	-0.667	0.133	0.333	2.133	
0.029	1.969	-49.971	30.969	-48.971	31.969	-47.971	31.969	-39.971	22.969	-47.971	15.969	-51.971	14.969	-50.971	13.969	-49.971	14.969	-49.971	30.969	-48.971	31.969	-47.971	31.969	-30.971	30.969	-29.971	28.969	-20.971	-0.031	-19.971	1.969	-10.971	28.969	-9.971	30.969	-8.971	28.969	-0.971	-0.031	0.029	1.969	
-0.183	1.736	-50.183	30.736	-49.183	31.736	-48.183	31.736	-40.183	22.736	-48.183	15.736	-52.183	14.736	-51.183	13.736	-50.183	14.736	-50.183	30.736	-49.183	31.736	-48.183	31.736	-31.183	30.736	-30.183	28.736	-21.183	-0.264	-20.183	1.736	-11.183	28.736	-10.183	30.736	-9.183	28.736	-1.183	-0.264	-0.183	1.736	
-0.309	1.487	-50.309	30.487	-49.309	31.487	-48.309	31.487	-40.309	22.487	-48.309	15.487	-52.309	14.487	-51.309	13.487	-50.309	14.487	-50.309	30.487	-49.309	31.487	-48.309	31.487	-31.309	30.487	-30.309	28.487	-21.309	-0.513	-20.309	1.487	-11.309	28.487	-10.309	30.487	-9.309	28.487	-1.309	-0.513	-0.309	1.487	
-0.370	1.251	-50.370	30.251	-49.370	31.251	-48.370	31.251	-40.370	22.251	-48.370	15.251	-52.370	14.251	-51.370	13.251	-50.370	14.251	-50.370	30.251	-49.370	31.251	-48.370	31.251	-31.370	30.251	-30.370	28.251	-21.370	-0.749	-20.370	1.251	-11.370	28.251	-10.370	30.251	-9.370	28.251	-1.370	-0.749	-0.370	1.251	
-0.386	1.043	-50.386	30.043	-49.386	31.043	-48.386	31.043	-40.386	22.043	-48.386	15.043	-52.386	14.043	-51.386	13.043	-50.386	14.043	-50.386	30.043	-49.386	31.043	-48.386	31.043	-31.386	30.043	-30.386	28.043	-21.386	-0.957	-20.386	1.043	-11.386	28.043	-10.386	30.043	-9.386	28.043	-1.386	-0.957	-0.386	1.043	
-0.376	0.866	-50.376	29.866	-49.376	30.866	-48.376	30.866	-40.376	21.866	-48.376	14.866	-52.376	13.866	-51.376	12.866	-50.376	13.866	-50.376	29.866	-49.376	30.866	-48.376	30.866	-31.376	29.866	-30.376	27.866	-21.376	-1.134	-20.376	0.866	-11.376	27.866	-10.376	29.866	-9.376	27.866	-1.376	-1.134	-0.376	0.866	
-0.350	0.717	-50.350	29.717	-49.350	30.717	-48.350	30.717	-40.350	21.717	-48.350	14.717	-52.350	13.717	-51.350	12.717	-50.350	13.717	-50.350	29.717	-49.350	30.717	-48.350	30.717	-31.350	29.717	-30.350	27.717	-21.350	-1.283	-20.350	0.717	-11.350	27.717	-10.350	29.717	-9.350	27.717	-1.350	-1.283	-0.350	0.717	
-0.317	0.594	-50.317	29.594	-49.317	30.594	-48.317	30.594	-40.317	21.594	-48.317	14.594	-52.317	13.594	-51.317	12.594	-50.317	13.594	-50.317	29.594	-49.317	30.594	-48.317	30.594	-31.317	29.594	-30.317	27.594	-21.317	-1.406	-20.317	0.594	-11.317	27.594	-10.317	29.594	-9.317	27.594	-1.317	-1.406	-0.317	0.594	
-0.282	0.492	-50.282	29.492	-49.282	30.492	-48.282	30.492	-40.282	21.492	-48.282	14.492	-52.282	13.492	-51.282	12.492	-50.282	13.492	-50.282	29.492	-49.282	30.492	-48.282	30.492	-31.282	29.492	-30.282	27.492	-21.282	-1.508	-20.282	0.492	-11.282	27.492	-10.282	29.492	-9.282	27.492	-1.282	-1.508	-0.282	0.492	
-0.247	0.408	-50.247	29.408	-49.247	30.408	-48.247	30.408	-40.247	21.408	-48.247	14.408	-52.247	13.408	-51.247	12.408	-50.247	13.408	-50.247	29.408	-49.247	30.408	-48.247	30.408	-31.247	29.408	-30.247	27.408	-21.247	-1.592	-20.247	0.408	-11.247	27.408	-10.247	29.408	-9.247	27.408	-1.247	-1.592	-0.247	0.408	
-0.214	0.339	-50.214	29.339	-49.214	30.339	-48.214	30.339	-40.214	21.339	-48.214	14.339	-52.214	13.339	-51.214	12.339	-50.214	13.339	-50.214	29.339	-49.214	30.339	-48.214	30.339	-31.214	29.339	-30.214	27.339	-21.214	-1.661	-20.214	0.339	-11.214	27.339	-10.214	29.339	-9.214	27.339	-1.214	-1.661	-0.214	0.339	
-0.184	0.282	-50.184	29.282	-49.184	30.282	-48.184	30.282	-40.184	21.282	-48.184	14.282	-52.184	13.282	-51.184	12.282	-50.184	13.282	-50.184	29.282	-49.184	30.282	-48.184	30.282	-31.184	29.282	-30.184	27.282	-21.184	-1.718	-20.184	0.282	-11.184	27.282	-10.184	29.282	-9.184	27.282	-1.184	-1.718	-0.184	0.282	
-0.158	0.235	-50.158	29.235	-49.158	30.235	-48.158	30.235	-40.158	21.235	-48.158	14.235	-52.158	13.235	-51.158	12.235	-50.158	13.235	-50.158	29.235	-49.158	30.235	-48.158	30.235	-31.158	29.235	-30.158	27.235	-21.158	-1.765	-20.158	0.235	-11.158	27.235	-10.158	29.235	-9.158	27.235	-1.158	-1.765	-0.158	0.235	
-0.135	0.196	-50.135	29.196	-49.135	30.196	-48.135	30.196	-40.135	21.196	-48.135	14.196	-52.135	13.196	-51.135	12.196	-50.135	13.196	-50.135	29.196	-49.135	30.196	-48.135	30.196	-31.135	29.196	-30.135	27.196	-21.135	-1.804	-20.135	0.196	-11.135	27.196	-10.135	29.196	-9.135	27.196	-1.135	-1.804	-0.135	0.196	
-0.115	0.164	-50.115	29.164	-49.115	30.164	-48.115	30.164	-40.115	21.164	-48.115	14.164	-52.115	13.164	-51.115	12.164	-50.115	13.164	-50.115	29.164	-49.115	30.164	-48.115	30.164	-31.115	29.164	-30.115	27.164	-21.115	-1.836	-20.115	0.164	-11.115	27.164	-10.115	29.164	-9.115	27.164	-1.115	-1.836	-0.115	0.164	
-0.097	0.137	-50.097	29.137	-49.097	30.137	-48.097	30.137	-40.097	21.137	-48.097	14.137	-52.097	13.137	-51.097	12.137	-50.097	13.137	-50.097	29.137	-49.097	30.137	-48.097	30.137	-31.097	29.137	-30.097	27.137	-21.097	-1.863	-20.097	0.137	-11.097	27.137	-10.097	29.137	-9.097	27.137	-1.097	-1.863	-0.097	0.137	
-0.082	0.115	-50.082	29.115	-49.082	30.115	-48.082	30.115	-40.082	21.115	-48.082	14.115	-52.082	13.115	-51.082	12.115	-50.082	13.115	-50.082	29.115	-49.082	30.115	-48.082	30.115	-31.082	29.115	-30.082	27.115	-21.082	-1.885	-20.082	0.115	-11.082	27.115	-10.082	29.115	-9.082	27.115	-1.082	-1.885	-0.082	0.115	
-0.070	0.096	-50.070	29.096	-49.070	30.096	-48.070	30.096	-40.070	21.096	-48.070	14.096	-52.070	13.096	-51.070	12.096	-50.070	13.096	-50.070	29.096	-49.070	30.096	-48.070	30.096	-31.070	29.096	-30.070	27.096	-21.070	-1.904	-20.070	0.096	-11.070	27.096	-10.070	29.096	-9.070	27.096	-1.070	-1.904	-0.070	0.096	
-0.046	0.062	-50.046	29.062	-49.046	30.062	-48.046	30.062	-40.046	21.062	-48.046	14.062	-52.046	13.062	-51.046	12.062	-50.046	13.062	-50.046	29.062	-49.046	30.062	-48.046	30.062	-31.046	29.062	-30.046	27.062	-21.046	-1.938	-20.046	0.062	-11.046	27.062	-10.046	29.062	-9.046	27.062	-1.046	-1.938	-0.046	0.062	
-0.037	0.050	-50.037	29.050	-49.037	30.050	-48.037	30.050	-40.037	21.050	-48.037	14.050	-52.037	13.050	-51.037	12.050	-50.037	13.050	-50.037	29.050	-49.037	30.050	-48.037	30.050	-31.037	29.050	-30.037	27.050	-21.037	-1.950	-20.037	0.050	-11.037	27.050	-10.037	29.050	-9.037	27.050	-1.037	-1.950	-0.037	0.050	
-0.031	0.042	-50.031	29.042	-49.031	30.042	-48.031	30.042	-40.031	21.042	-48.031	14.042	-52.031	13.042	-51.031	12.042	-50.031	13.042	-50.031	29.042	-49.031	30.042	-48.031	30.042	-31.031	29.042	-30.031	27.042	-21.031	-1.958	-20.031	0.042	-11.031	27.042	-10.031	29.042	-9.031	27.042	-1.031	-1.958	-0.031	0.042	
-0.026	0.035	-50.026	29.035	-49.026	30.035	-48.026	30.035	-40.026	21.035	-48.026	14.035	-52.026	13.035	-51.026	12.035	-50.026	13.035	-50.026	29.035	-49.026	30.035	-48.026	30.035	-31.026	29.035	-30.026	27.035	-21.026	-1.965	-20.026	0.035	-11.026	27.035	-10.026	29.035	-9.026	27.035	-1.026	-1.965	-0.026	0.035	
-0.022	0.029	-50.022	29.029	-49.022	30.029	-48.022	30.029	-40.022	21.029	-48.022	14.029	-52.022	13.029	-51.022	12.029	-50.022	13.029	-50.022	29.029	-49.022	30.029	-48.022	30.029	-31.022	29.029	-30.022	27.029	-21.022	-1.971	-20.022	0.029	-11.022	27.029	-10.022	29.029	-9.022	27.029	-1.022	-1.971	-0.022	0.029	
-0.018	0.025	-50.018	29.025	-49.018	30.025	-48.018	30.025	-40.018	21.025	-48.018	14.025	-52.018	13.025	-51.018	12.025	-50.018	13.025	-50.018	29.025	-49.018	30.025	-48.018	30.025	-31.018	29.025	-30.018	27.025	-21.018	-1.975	-20.018	0.025	-11.018	27.025	-10.018	29.025	-9.018	27.025	-1.018	-1.975	-0.018	0.025	
-0.015	0.021	-50.015	29.021	-49.015	30.021	-48.015	30.021	-40.015	21.021	-48.015	14.021	-52.015	13.021	-51.015	12.021	-50.015	13.021	-50.015	29.021	-49.015	30.021	-48.015	30.021	-31.015	29.021	-30.015	27.021	-21.015	-1.979	-20.015	0.021	-11.015	27.021	-10.015	29.021	-9.015	27.021	-1.015	-1.979	-0.015	0.021	
-0.013	0.017	-50.013	29.017	-49.013	30.017	-48.013	30.017	-40.013	21.017	-48.013	14.017	-52.013	13.017	-51.013	12.017	-50.013	13.017	-50.013	29.017	-49.013	30.017	-48.013	30.017	-31.013	29.017	-30.013	27.017	-21.013	-1.983	-20.013	0.017	-11.013	27.017	-10.013	29.017	-9.013	27.017	-1.013	-1.983	-0.013	0.017	
