dx		dy		dx0		dy0		dx1		dy1		dx2		dy2		dx3		dy3		dx4		dy4		dx5		dy5		dx6		dy6		dx7		dy7		dx8		dy8		dx9		dy9		dx10		dy10		dx11		dy11		dx12		dy12		dx13		dy13		dx14		dy14		dx15		dy15		dx16		dy16		dx17		dy17		dx18		dy18		dx19		dy19		dx20		dy20		dx21		dy21-2.014	15.992	-2.014	15.992	-1.014	16.992	-0.014	16.992	7.986	7.992	-0.014	-0.008	-2.014	15.992	-1.014	16.992	-0.014	16.992	16.986	15.992	17.986	13.992	26.986	-15.008	27.986	-13.008	36.986	13.992	37.986	15.992	38.986	13.992	46.986	-15.008	47.986	-13.008	
-1.377	15.932	-1.377	15.932	-0.377	16.932	0.623	16.932	8.623	7.932	0.623	-0.068	-1.377	15.932	-0.377	16.932	0.623	16.932	17.623	15.932	18.623	13.932	27.623	-15.068	28.623	-13.068	37.623	13.932	38.623	15.932	39.623	13.932	47.623	-15.068	48.623	-13.068	
-0.827	15.604	-0.827	15.604	0.173	16.604	1.173	16.604	9.173	7.604	1.173	-0.396	-0.827	15.604	0.173	16.604	1.173	16.604	18.173	15.604	19.173	13.604	28.173	-15.396	29.173	-13.396	38.173	13.604	39.173	15.604	40.173	13.604	48.173	-15.396	49.173	-13.396	
-0.406	15.123	-0.406	15.123	0.594	16.123	1.594	16.123	9.594	7.123	1.594	-0.877	-0.406	15.123	0.594	16.123	1.594	16.123	18.594	15.123	19.594	13.123	28.594	-15.877	29.594	-13.877	38.594	13.123	39.594	15.123	40.594	13.123	48.594	-15.877	49.594	-13.877	
-0.100	14.560	-0.100	14.560	0.900	15.560	1.900	15.560	9.900	6.560	1.900	-1.440	-0.100	14.560	0.900	15.560	1.900	15.560	18.900	14.560	19.900	12.560	28.900	-16.440	29.900	-14.440	38.900	12.560	39.900	14.560	40.900	12.560	48.900	-16.440	49.900	-14.440	
0.114	13.957	0.114	13.957	1.114	14.957	2.114	14.957	10.114	5.957	2.114	-2.043	0.114	13.957	1.114	14.957	2.114	14.957	19.114	13.957	20.114	11.957	29.114	-17.043	30.114	-15.043	39.114	11.957	40.114	13.957	41.114	11.957	49.114	-17.043	50.114	-15.043	
0.259	13.334	0.259	13.334	1.259	14.334	2.259	14.334	10.259	5.334	2.259	-2.666	0.259	13.334	1.259	14.334	2.259	14.334	19.259	13.334	20.259	11.334	29.259	-17.666	30.259	-15.666	39.259	11.334	40.259	13.334	41.259	11.334	49.259	-17.666	50.259	-15.666	
0.354	12.701	0.354	12.701	1.354	13.701	2.354	13.701	10.354	4.701	2.354	-3.299	0.354	12.701	1.354	13.701	2.354	13.701	19.354	12.701	20.354	10.701	29.354	-18.299	30.354	-16.299	39.354	10.701	40.354	12.701	41.354	10.701	49.354	-18.299	50.354	-16.299	
0.414	12.064	0.414	12.064	1.414	13.064	2.414	13.064	10.414	4.064	2.414	-3.936	0.414	12.064	1.414	13.064	2.414	13.064	19.414	12.064	20.414	10.064	29.414	-18.936	30.414	-16.936	39.414	10.064	40.414	12.064	41.414	10.064	49.414	-18.936	50.414	-16.936	
0.447	11.425	0.447	11.425	1.447	12.425	2.447	12.425	10.447	3.425	2.447	-4.575	0.447	11.425	1.447	12.425	2.447	12.425	19.447	11.425	20.447	9.425	29.447	-19.575	30.447	-17.575	39.447	9.425	40.447	11.425	41.447	9.425	49.447	-19.575	50.447	-17.575	
0.462	10.785	0.462	10.785	1.462	11.785	2.462	11.785	10.462	2.785	2.462	-5.215	0.462	10.785	1.462	11.785	2.462	11.785	19.462	10.785	20.462	8.785	29.462	-20.215	30.462	-18.215	39.462	8.785	40.462	10.785	41.462	8.785	49.462	-20.215	50.462	-18.215	
0.463	10.145	0.463	10.145	1.463	11.145	2.463	11.145	10.463	2.145	2.463	-5.855	0.463	10.145	1.463	11.145	2.463	11.145	19.463	10.145	20.463	8.145	29.463	-20.855	30.463	-18.855	39.463	8.145	40.463	10.145	41.463	8.145	49.463	-20.855	50.463	-18.855	
0.454	9.505	0.454	9.505	1.454	10.505	2.454	10.505	10.454	1.505	2.454	-6.495	0.454	9.505	1.454	10.505	2.454	10.505	19.454	9.505	20.454	7.505	29.454	-21.495	30.454	-19.495	39.454	7.505	40.454	9.505	41.454	7.505	49.454	-21.495	50.454	-19.495	
0.439	8.865	0.439	8.865	1.439	9.865	2.439	9.865	10.439	0.865	2.439	-7.135	0.439	8.865	1.439	9.865	2.439	9.865	19.439	8.865	20.439	6.865	29.439	-22.135	30.439	-20.135	39.439	6.865	40.439	8.865	41.439	6.865	49.439	-22.135	50.439	-20.135	
0.418	8.225	0.418	8.225	1.418	9.225	2.418	9.225	10.418	0.225	2.418	-7.775	0.418	8.225	1.418	9.225	2.418	9.225	19.418	8.225	20.418	6.225	29.418	-22.775	30.418	-20.775	39.418	6.225	40.418	8.225	41.418	6.225	49.418	-22.775	50.418	-20.775	
0.393	7.586	0.393	7.586	1.393	8.586	2.393	8.586	10.393	-0.414	2.393	-8.414	0.393	7.586	1.393	8.586	2.393	8.586	19.393	7.586	20.393	5.586	29.393	-23.414	30.393	-21.414	39.393	5.586	40.393	7.586	41.393	5.586	49.393	-23.414	50.393	-21.414	
0.366	6.946	0.366	6.946	1.366	7.946	2.366	7.946	10.366	-1.054	2.366	-9.054	0.366	6.946	1.366	7.946	2.366	7.946	19.366	6.946	20.366	4.946	29.366	-24.054	30.366	-22.054	39.366	4.946	40.366	6.946	41.366	4.946	49.366	-24.054	50.366	-22.054	
0.337	6.307	0.337	6.307	1.337	7.307	2.337	7.307	10.337	-1.693	2.337	-9.693	0.337	6.307	1.337	7.307	2.337	7.307	19.337	6.307	20.337	4.307	29.337	-24.693	30.337	-22.693	39.337	4.307	40.337	6.307	41.337	4.307	49.337	-24.693	50.337	-22.693	
0.306	5.668	0.306	5.668	1.306	6.668	2.306	6.668	10.306	-2.332	2.306	-10.332	0.306	5.668	1.306	6.668	2.306	6.668	19.306	5.668	20.306	3.668	29.306	-25.332	30.306	-23.332	39.306	3.668	40.306	5.668	41.306	3.668	49.306	-25.332	50.306	-23.332	
0.274	5.029	0.274	5.029	1.274	6.029	2.274	6.029	10.274	-2.971	2.274	-10.971	0.274	5.029	1.274	6.029	2.274	6.029	19.274	5.029	20.274	3.029	29.274	-25.971	30.274	-23.971	39.274	3.029	40.274	5.029	41.274	3.029	49.274	-25.971	50.274	-23.971	
0.241	4.389	0.241	4.389	1.241	5.389	2.241	5.389	10.241	-3.611	2.241	-11.611	0.241	4.389	1.241	5.389	2.241	5.389	19.241	4.389	20.241	2.389	29.241	-26.611	30.241	-24.611	39.241	2.389	40.241	4.389	41.241	2.389	49.241	-26.611	50.241	-24.611	
0.207	3.750	0.207	3.750	1.207	4.750	2.207	4.750	10.207	-4.250	2.207	-12.250	0.207	3.750	1.207	4.750	2.207	4.750	19.207	3.750	20.207	1.750	29.207	-27.250	30.207	-25.250	39.207	1.750	40.207	3.750	41.207	1.750	49.207	-27.250	50.207	-25.250	
0.175	3.150	0.175	3.150	1.175	4.150	2.175	4.150	10.175	-4.850	2.175	-12.850	0.175	3.150	1.175	4.150	2.175	4.150	19.175	3.150	20.175	1.150	29.175	-27.850	30.175	-25.850	39.175	1.150	40.175	3.150	41.175	1.150	49.175	-27.850	50.175	-25.850	
0.148	2.646	0.120	2.142	1.120	3.142	2.120	3.142	10.120	-5.858	2.120	-13.858	0.120	2.142	1.120	3.142	2.120	3.142	19.120	2.142	20.120	0.142	29.120	-28.858	30.120	-26.858	39.120	0.142	40.120	2.142	41.120	0.142	49.120	-28.858	50.120	-26.858	
0.097	1.719	0.097	1.719	1.097	2.719	2.097	2.719	10.097	-6.281	2.097	-14.281	0.097	1.719	1.097	2.719	2.097	2.719	19.097	1.719	20.097	-0.281	29.097	-29.281	30.097	-27.281	39.097	-0.281	40.097	1.719	41.097	-0.281	49.097	-29.281	50.097	-27.281	
0.078	1.376	0.078	1.376	1.078	2.376	2.078	2.376	10.078	-6.624	2.078	-14.624	0.078	1.376	1.078	2.376	2.078	2.376	19.078	1.376	20.078	-0.624	29.078	-29.624	30.078	-27.624	39.078	-0.624	40.078	1.376	41.078	-0.624	49.078	-29.624	50.078	-27.624	
0.065	1.156	0.065	1.156	1.065	2.156	2.065	2.156	10.065	-6.844	2.065	-14.844	0.065	1.156	1.065	2.156	2.065	2.156	19.065	1.156	20.065	-0.844	29.065	-29.844	30.065	-27.844	39.065	-0.844	40.065	1.156	41.065	-0.844	49.065	-29.844	50.065	-27.844	
0.055	0.971	0.055	0.971	1.055	1.971	2.055	1.971	10.055	-7.029	2.055	-15.029	0.055	0.971	1.055	1.971	2.055	1.971	19.055	0.971	20.055	-1.029	29.055	-30.029	30.055	-28.029	39.055	-1.029	40.055	0.971	41.055	-1.029	49.055	-30.029	50.055	-28.029	
0.046	0.816	0.046	0.816	1.046	1.816	2.046	1.816	10.046	-7.184	2.046	-15.184	0.046	0.816	1.046	1.816	2.046	1.816	19.046	0.816	20.046	-1.184	29.046	-30.184	30.046	-28.184	39.046	-1.184	40.046	0.816	41.046	-1.184	49.046	-30.184	50.046	-28.184	
0.039	0.685	0.039	0.685	1.039	1.685	2.039	1.685	10.039	-7.315	2.039	-15.315	0.039	0.685	1.039	1.685	2.039	1.685	19.039	0.685	20.039	-1.315	29.039	-30.315	30.039	-28.315	39.039	-1.315	40.039	0.685	41.039	-1.315	49.039	-30.315	50.039	-28.315	
0.033	0.575	0.033	0.575	1.033	1.575	2.033	1.575	10.033	-7.425	2.033	-15.425	0.033	0.575	1.033	1.575	2.033	1.575	19.033	0.575	20.033	-1.425	29.033	-30.425	30.033	-28.425	39.033	-1.425	40.033	0.575	41.033	-1.425	49.033	-30.425	50.033	-28.425	
0.027	0.483	0.027	0.483	1.027	1.483	2.027	1.483	10.027	-7.517	2.027	-15.517	0.027	0.483	1.027	1.483	2.027	1.483	19.027	0.483	20.027	-1.517	29.027	-30.517	30.027	-28.517	39.027	-1.517	40.027	0.483	41.027	-1.517	49.027	-30.517	50.027	-28.517	
0.023	0.406	0.023	0.406	1.023	1.406	2.023	1.406	10.023	-7.594	2.023	-15.594	0.023	0.406	1.023	1.406	2.023	1.406	19.023	0.406	20.023	-1.594	29.023	-30.594	30.023	-28.594	39.023	-1.594	40.023	0.406	41.023	-1.594	49.023	-30.594	50.023	-28.594	
0.019	0.341	0.019	0.341	1.019	1.341	2.019	1.341	10.019	-7.659	2.019	-15.659	0.019	0.341	1.019	1.341	2.019	1.341	19.019	0.341	20.019	-1.659	29.019	-30.659	30.019	-28.659	39.019	-1.659	40.019	0.341	41.019	-1.659	49.019	-30.659	50.019	-28.659	
0.016	0.286	0.016	0.286	1.016	1.286	2.016	1.286	10.016	-7.714	2.016	-15.714	0.016	0.286	1.016	1.286	2.016	1.286	19.016	0.286	20.016	-1.714	29.016	-30.714	30.016	-28.714	39.016	-1.714	40.016	0.286	41.016	-1.714	49.016	-30.714	50.016	-28.714	
0.014	0.241	0.014	0.241	1.014	1.241	2.014	1.241	10.014	-7.759	2.014	-15.759	0.014	0.241	1.014	1.241	2.014	1.241	19.014	0.241	20.014	-1.759	29.014	-30.759	30.014	-28.759	39.014	-1.759	40.014	0.241	41.014	-1.759	49.014	-30.759	50.014	-28.759	
0.012	0.202	0.012	0.202	1.012	1.202	2.012	1.202	10.012	-7.798	2.012	-15.798	0.012	0.202	1.012	1.202	2.012	1.202	19.012	0.202	20.012	-1.798	29.012	-30.798	30.012	-28.798	39.012	-1.798	40.012	0.202	41.012	-1.798	49.012	-30.798	50.012	-28.798	
0.010	0.170	0.010	0.170	1.010	1.170	2.010	1.170	10.010	-7.830	2.010	-15.830	0.010	0.170	1.010	1.170	2.010	1.170	19.010	0.170	20.010	-1.830	29.010	-30.830	30.010	-28.830	39.010	-1.830	40.010	0.170	41.010	-1.830	49.010	-30.830	50.010	-28.830	
0.008	0.143	0.008	0.143	1.008	1.143	2.008	1.143	10.008	-7.857	2.008	-15.857	0.008	0.143	1.008	1.143	2.008	1.143	19.008	0.143	20.008	-1.857	29.008	-30.857	30.008	-28.857	39.008	-1.857	40.008	0.143	41.008	-1.857	49.008	-30.857	50.008	-28.857	
0.007	0.120	0.007	0.120	1.007	1.120	2.007	1.120	10.007	-7.880	2.007	-15.880	0.007	0.120	1.007	1.120	2.007	1.120	19.007	0.120	20.007	-1.880	29.007	-30.880	30.007	-28.880	39.007	-1.880	40.007	0.120	41.007	-1.880	49.007	-30.880	50.007	-28.880	
0.006	0.101	0.006	0.101	1.006	1.101	2.006	1.101	10.006	-7.899	2.006	-15.899	0.006	0.101	1.006	1.101	2.006	1.101	19.006	0.101	20.006	-1.899	29.006	-30.899	30.006	-28.899	39.006	-1.899	40.006	0.101	41.006	-1.899	49.006	-30.899	50.006	-28.899	
0.005	0.085	0.005	0.085	1.005	1.085	2.005	1.085	10.005	-7.915	2.005	-15.915	0.005	0.085	1.005	1.085	2.005	1.085	19.005	0.085	20.005	-1.915	29.005	-30.915	30.005	-28.915	39.005	-1.915	40.005	0.085	41.005	-1.915	49.005	-30.915	50.005	-28.915	
0.004	0.071	0.004	0.071	1.004	1.071	2.004	1.071	10.004	-7.929	2.004	-15.929	0.004	0.071	1.004	1.071	2.004	1.071	19.004	0.071	20.004	-1.929	29.004	-30.929	30.004	-28.929	39.004	-1.929	40.004	0.071	41.004	-1.929	49.004	-30.929	50.004	-28.929	
0.003	0.060	0.003	0.060	1.003	1.060	2.003	1.060	10.003	-7.940	2.003	-15.940	0.003	0.060	1.003	1.060	2.003	1.060	19.003	0.060	20.003	-1.940	29.003	-30.940	30.003	-28.940	39.003	-1.940	40.003	0.060	41.003	-1.940	49.003	-30.940	50.003	-28.940	
0.003	0.050	0.003	0.050	1.003	1.050	2.003	1.050	10.003	-7.950	2.003	-15.950	0.003	0.050	1.003	1.050	2.003	1.050	19.003	0.050	20.003	-1.950	29.003	-30.950	30.003	-28.950	39.003	-1.950	40.003	0.050	41.003	-1.950	49.003	-30.950	50.003	-28.950	
0.002	0.042	0.002	0.042	1.002	1.042	2.002	1.042	10.002	-7.958	2.002	-15.958	0.002	0.042	1.002	1.042	2.002	1.042	19.002	0.042	20.002	-1.958	29.002	-30.958	30.002	-28.958	39.002	-1.958	40.002	0.042	41.002	-1.958	49.002	-30.958	50.002	-28.958	
0.002	0.035	0.002	0.035	1.002	1.035	2.002	1.035	10.002	-7.965	2.002	-15.965	0.002	0.035	1.002	1.035	2.002	1.035	19.002	0.035	20.002	-1.965	29.002	-30.965	30.002	-28.965	39.002	-1.965	40.002	0.035	41.002	-1.965	49.002	-30.965	50.002	-28.965	
0.002	0.030	0.002	0.030	1.002	1.030	2.002	1.030	10.002	-7.970	2.002	-15.970	0.002	0.030	1.002	1.030	2.002	1.030	19.002	0.030	20.002	-1.970	29.002	-30.970	30.002	-28.970	39.002	-1.970	40.002	0.030	41.002	-1.970	49.002	-30.970	50.002	-28.970	
0.001	0.019	0.001	0.019	1.001	1.019	2.001	1.019	10.001	-7.981	2.001	-15.981	0.001	0.019	1.001	1.019	2.001	1.019	19.001	0.019	20.001	-1.981	29.001	-30.981	30.001	-28.981	39.001	-1.981	40.001	0.019	41.001	-1.981	49.001	-30.981	50.001	-28.981	
