dx		dy		dx0		dy0		dx1		dy1		dx2		dy2		dx3		dy3		dx4		dy4		dx5		dy5		dx6		dy6		dx7		dy7		dx8		dy8		dx9		dy9		dx10		dy10		dx11		dy11		dx12		dy12		dx13		dy13		dx14		dy14		dx15		dy15		dx16		dy16		dx17		dy17		dx18		dy18		dx19		dy19		dx20		dy20		dx21		dy211.018	0.006	-0.982	-0.994	0.018	0.006	1.018	0.006	9.018	-8.994	1.018	-16.994	-0.982	-0.994	0.018	0.006	1.018	0.006	18.018	-0.994	19.018	-2.994	28.018	-31.994	29.018	-29.994	38.018	-2.994	39.018	-0.994	40.018	-2.994	48.018	-31.994	49.018	-29.994	
0.859	-0.028	-1.141	-1.028	-0.141	-0.028	0.859	-0.028	8.859	-9.028	0.859	-17.028	-1.141	-1.028	-0.141	-0.028	0.859	-0.028	17.859	-1.028	18.859	-3.028	27.859	-32.028	28.859	-30.028	37.859	-3.028	38.859	-1.028	39.859	-3.028	47.859	-32.028	48.859	-30.028	
0.723	-0.046	-1.277	-1.046	-0.277	-0.046	0.723	-0.046	8.723	-9.046	0.723	-17.046	-1.277	-1.046	-0.277	-0.046	0.723	-0.046	17.723	-1.046	18.723	-3.046	27.723	-32.046	28.723	-30.046	37.723	-3.046	38.723	-1.046	39.723	-3.046	47.723	-32.046	48.723	-30.046	
0.607	-0.054	-1.393	-1.054	-0.393	-0.054	0.607	-0.054	8.607	-9.054	0.607	-17.054	-1.393	-1.054	-0.393	-0.054	0.607	-0.054	17.607	-1.054	18.607	-3.054	27.607	-32.054	28.607	-30.054	37.607	-3.054	38.607	-1.054	39.607	-3.054	47.607	-32.054	48.607	-30.054	
0.510	-0.056	-1.490	-1.056	-0.490	-0.056	0.510	-0.056	8.510	-9.056	0.510	-17.056	-1.490	-1.056	-0.490	-0.056	0.510	-0.056	17.510	-1.056	18.510	-3.056	27.510	-32.056	28.510	-30.056	37.510	-3.056	38.510	-1.056	39.510	-3.056	47.510	-32.056	48.510	-30.056	
0.428	-0.054	-1.572	-1.054	-0.572	-0.054	0.428	-0.054	8.428	-9.054	0.428	-17.054	-1.572	-1.054	-0.572	-0.054	0.428	-0.054	17.428	-1.054	18.428	-3.054	27.428	-32.054	28.428	-30.054	37.428	-3.054	38.428	-1.054	39.428	-3.054	47.428	-32.054	48.428	-30.054	
0.290	-0.044	-1.710	-1.044	-0.710	-0.044	0.290	-0.044	8.290	-9.044	0.290	-17.044	-1.710	-1.044	-0.710	-0.044	0.290	-0.044	17.290	-1.044	18.290	-3.044	27.290	-32.044	28.290	-30.044	37.290	-3.044	38.290	-1.044	39.290	-3.044	47.290	-32.044	48.290	-30.044	
0.290	-0.037	-1.768	-1.037	-0.768	-0.037	0.232	-0.037	8.232	-9.037	0.232	-17.037	-1.768	-1.037	-0.768	-0.037	0.232	-0.037	17.232	-1.037	18.232	-3.037	27.232	-32.037	28.232	-30.037	37.232	-3.037	38.232	-1.037	39.232	-3.037	47.232	-32.037	48.232	-30.037	
0.186	-0.031	-1.814	-1.031	-0.814	-0.031	0.186	-0.031	8.186	-9.031	0.186	-17.031	-1.814	-1.031	-0.814	-0.031	0.186	-0.031	17.186	-1.031	18.186	-3.031	27.186	-32.031	28.186	-30.031	37.186	-3.031	38.186	-1.031	39.186	-3.031	47.186	-32.031	48.186	-30.031	
0.156	-0.027	-1.844	-1.027	-0.844	-0.027	0.156	-0.027	8.156	-9.027	0.156	-17.027	-1.844	-1.027	-0.844	-0.027	0.156	-0.027	17.156	-1.027	18.156	-3.027	27.156	-32.027	28.156	-30.027	37.156	-3.027	38.156	-1.027	39.156	-3.027	47.156	-32.027	48.156	-30.027	
0.131	-0.023	-1.869	-1.023	-0.869	-0.023	0.131	-0.023	8.131	-9.023	0.131	-17.023	-1.869	-1.023	-0.869	-0.023	0.131	-0.023	17.131	-1.023	18.131	-3.023	27.131	-32.023	28.131	-30.023	37.131	-3.023	38.131	-1.023	39.131	-3.023	47.131	-32.023	48.131	-30.023	
0.110	-0.019	-1.890	-1.019	-0.890	-0.019	0.110	-0.019	8.110	-9.019	0.110	-17.019	-1.890	-1.019	-0.890	-0.019	0.110	-0.019	17.110	-1.019	18.110	-3.019	27.110	-32.019	28.110	-30.019	37.110	-3.019	38.110	-1.019	39.110	-3.019	47.110	-32.019	48.110	-30.019	
0.092	-0.017	-1.908	-1.017	-0.908	-0.017	0.092	-0.017	8.092	-9.017	0.092	-17.017	-1.908	-1.017	-0.908	-0.017	0.092	-0.017	17.092	-1.017	18.092	-3.017	27.092	-32.017	28.092	-30.017	37.092	-3.017	38.092	-1.017	39.092	-3.017	47.092	-32.017	48.092	-30.017	
0.078	-0.014	-1.922	-1.014	-0.922	-0.014	0.078	-0.014	8.078	-9.014	0.078	-17.014	-1.922	-1.014	-0.922	-0.014	0.078	-0.014	17.078	-1.014	18.078	-3.014	27.078	-32.014	28.078	-30.014	37.078	-3.014	38.078	-1.014	39.078	-3.014	47.078	-32.014	48.078	-30.014	
0.065	-0.012	-1.935	-1.012	-0.935	-0.012	0.065	-0.012	8.065	-9.012	0.065	-17.012	-1.935	-1.012	-0.935	-0.012	0.065	-0.012	17.065	-1.012	18.065	-3.012	27.065	-32.012	28.065	-30.012	37.065	-3.012	38.065	-1.012	39.065	-3.012	47.065	-32.012	48.065	-30.012	
0.055	-0.010	-1.945	-1.010	-0.945	-0.010	0.055	-0.010	8.055	-9.010	0.055	-17.010	-1.945	-1.010	-0.945	-0.010	0.055	-0.010	17.055	-1.010	18.055	-3.010	27.055	-32.010	28.055	-30.010	37.055	-3.010	38.055	-1.010	39.055	-3.010	47.055	-32.010	48.055	-30.010	
0.046	-0.008	-1.954	-1.008	-0.954	-0.008	0.046	-0.008	8.046	-9.008	0.046	-17.008	-1.954	-1.008	-0.954	-0.008	0.046	-0.008	17.046	-1.008	18.046	-3.008	27.046	-32.008	28.046	-30.008	37.046	-3.008	38.046	-1.008	39.046	-3.008	47.046	-32.008	48.046	-30.008	
0.039	-0.007	-1.961	-1.007	-0.961	-0.007	0.039	-0.007	8.039	-9.007	0.039	-17.007	-1.961	-1.007	-0.961	-0.007	0.039	-0.007	17.039	-1.007	18.039	-3.007	27.039	-32.007	28.039	-30.007	37.039	-3.007	38.039	-1.007	39.039	-3.007	47.039	-32.007	48.039	-30.007	
0.032	-0.006	-1.968	-1.006	-0.968	-0.006	0.032	-0.006	8.032	-9.006	0.032	-17.006	-1.968	-1.006	-0.968	-0.006	0.032	-0.006	17.032	-1.006	18.032	-3.006	27.032	-32.006	28.032	-30.006	37.032	-3.006	38.032	-1.006	39.032	-3.006	47.032	-32.006	48.032	-30.006	
0.027	-0.005	-1.973	-1.005	-0.973	-0.005	0.027	-0.005	8.027	-9.005	0.027	-17.005	-1.973	-1.005	-0.973	-0.005	0.027	-0.005	17.027	-1.005	18.027	-3.005	27.027	-32.005	28.027	-30.005	37.027	-3.005	38.027	-1.005	39.027	-3.005	47.027	-32.005	48.027	-30.005	
0.023	-0.004	-1.977	-1.004	-0.977	-0.004	0.023	-0.004	8.023	-9.004	0.023	-17.004	-1.977	-1.004	-0.977	-0.004	0.023	-0.004	17.023	-1.004	18.023	-3.004	27.023	-32.004	28.023	-30.004	37.023	-3.004	38.023	-1.004	39.023	-3.004	47.023	-32.004	48.023	-30.004	
