dx		dy		dx0		dy0		dx1		dy1		dx2		dy2		dx3		dy3		dx4		dy4		dx5		dy5		dx6		dy6		dx7		dy7		dx8		dy8		dx9		dy9		dx10		dy10		dx11		dy11		dx12		dy12		dx13		dy13		dx14		dy14		dx15		dy15		dx16		dy16		dx17		dy17		dx18		dy18		dx19		dy19		dx20		dy20		dx21		dy211.009	-1.984	-39.991	0.016	-38.991	1.016	-37.991	1.016	-29.991	-7.984	-37.991	-15.984	-39.991	0.016	-38.991	1.016	-37.991	1.016	-20.991	0.016	-19.991	-1.984	-10.991	-30.984	-9.991	-28.984	-0.991	-1.984	0.009	0.016	1.009	-1.984	9.009	-30.984	10.009	-28.984	
0.676	-2.109	-40.324	-0.109	-39.324	0.891	-38.324	0.891	-30.324	-8.109	-38.324	-16.109	-40.324	-0.109	-39.324	0.891	-38.324	0.891	-21.324	-0.109	-20.324	-2.109	-11.324	-31.109	-10.324	-29.109	-1.324	-2.109	-0.324	-0.109	0.676	-2.109	8.676	-31.109	9.676	-29.109	
0.326	-2.053	-40.674	-0.053	-39.674	0.947	-38.674	0.947	-30.674	-8.053	-38.674	-16.053	-40.674	-0.053	-39.674	0.947	-38.674	0.947	-21.674	-0.053	-20.674	-2.053	-11.674	-31.053	-10.674	-29.053	-1.674	-2.053	-0.674	-0.053	0.326	-2.053	8.326	-31.053	9.326	-29.053	
0.044	-1.876	-40.956	0.124	-39.956	1.124	-38.956	1.124	-30.956	-7.876	-38.956	-15.876	-40.956	0.124	-39.956	1.124	-38.956	1.124	-21.956	0.124	-20.956	-1.876	-11.956	-30.876	-10.956	-28.876	-1.956	-1.876	-0.956	0.124	0.044	-1.876	8.044	-30.876	9.044	-28.876	
-0.148	-1.645	-41.148	0.355	-40.148	1.355	-39.148	1.355	-31.148	-7.645	-39.148	-15.645	-41.148	0.355	-40.148	1.355	-39.148	1.355	-22.148	0.355	-21.148	-1.645	-12.148	-30.645	-11.148	-28.645	-2.148	-1.645	-1.148	0.355	-0.148	-1.645	7.852	-30.645	8.852	-28.645	
-0.261	-1.407	-41.261	0.593	-40.261	1.593	-39.261	1.593	-31.261	-7.407	-39.261	-15.407	-41.261	0.593	-40.261	1.593	-39.261	1.593	-22.261	0.593	-21.261	-1.407	-12.261	-30.407	-11.261	-28.407	-2.261	-1.407	-1.261	0.593	-0.261	-1.407	7.739	-30.407	8.739	-28.407	
-0.316	-1.184	-41.316	0.816	-40.316	1.816	-39.316	1.816	-31.316	-7.184	-39.316	-15.184	-41.316	0.816	-40.316	1.816	-39.316	1.816	-22.316	0.816	-21.316	-1.184	-12.316	-30.184	-11.316	-28.184	-2.316	-1.184	-1.316	0.816	-0.316	-1.184	7.684	-30.184	8.684	-28.184	
-0.332	-0.989	-41.332	1.011	-40.332	2.011	-39.332	2.011	-31.332	-6.989	-39.332	-14.989	-41.332	1.011	-40.332	2.011	-39.332	2.011	-22.332	1.011	-21.332	-0.989	-12.332	-29.989	-11.332	-27.989	-2.332	-0.989	-1.332	1.011	-0.332	-0.989	7.668	-29.989	8.668	-27.989	
-0.324	-0.822	-41.324	1.178	-40.324	2.178	-39.324	2.178	-31.324	-6.822	-39.324	-14.822	-41.324	1.178	-40.324	2.178	-39.324	2.178	-22.324	1.178	-21.324	-0.822	-12.324	-29.822	-11.324	-27.822	-2.324	-0.822	-1.324	1.178	-0.324	-0.822	7.676	-29.822	8.676	-27.822	
-0.303	-0.682	-41.303	1.318	-40.303	2.318	-39.303	2.318	-31.303	-6.682	-39.303	-14.682	-41.303	1.318	-40.303	2.318	-39.303	2.318	-22.303	1.318	-21.303	-0.682	-12.303	-29.682	-11.303	-27.682	-2.303	-0.682	-1.303	1.318	-0.303	-0.682	7.697	-29.682	8.697	-27.682	
-0.275	-0.566	-41.275	1.434	-40.275	2.434	-39.275	2.434	-31.275	-6.566	-39.275	-14.566	-41.275	1.434	-40.275	2.434	-39.275	2.434	-22.275	1.434	-21.275	-0.566	-12.275	-29.566	-11.275	-27.566	-2.275	-0.566	-1.275	1.434	-0.275	-0.566	7.725	-29.566	8.725	-27.566	
-0.244	-0.470	-41.244	1.530	-40.244	2.530	-39.244	2.530	-31.244	-6.470	-39.244	-14.470	-41.244	1.530	-40.244	2.530	-39.244	2.530	-22.244	1.530	-21.244	-0.470	-12.244	-29.470	-11.244	-27.470	-2.244	-0.470	-1.244	1.530	-0.244	-0.470	7.756	-29.470	8.756	-27.470	
-0.214	-0.391	-41.214	1.609	-40.214	2.609	-39.214	2.609	-31.214	-6.391	-39.214	-14.391	-41.214	1.609	-40.214	2.609	-39.214	2.609	-22.214	1.609	-21.214	-0.391	-12.214	-29.391	-11.214	-27.391	-2.214	-0.391	-1.214	1.609	-0.214	-0.391	7.786	-29.391	8.786	-27.391	
-0.186	-0.325	-41.186	1.675	-40.186	2.675	-39.186	2.675	-31.186	-6.325	-39.186	-14.325	-41.186	1.675	-40.186	2.675	-39.186	2.675	-22.186	1.675	-21.186	-0.325	-12.186	-29.325	-11.186	-27.325	-2.186	-0.325	-1.186	1.675	-0.186	-0.325	7.814	-29.325	8.814	-27.325	
-0.160	-0.271	-41.160	1.729	-40.160	2.729	-39.160	2.729	-31.160	-6.271	-39.160	-14.271	-41.160	1.729	-40.160	2.729	-39.160	2.729	-22.160	1.729	-21.160	-0.271	-12.160	-29.271	-11.160	-27.271	-2.160	-0.271	-1.160	1.729	-0.160	-0.271	7.840	-29.271	8.840	-27.271	
-0.138	-0.226	-41.138	1.774	-40.138	2.774	-39.138	2.774	-31.138	-6.226	-39.138	-14.226	-41.138	1.774	-40.138	2.774	-39.138	2.774	-22.138	1.774	-21.138	-0.226	-12.138	-29.226	-11.138	-27.226	-2.138	-0.226	-1.138	1.774	-0.138	-0.226	7.862	-29.226	8.862	-27.226	
-0.117	-0.189	-41.117	1.811	-40.117	2.811	-39.117	2.811	-31.117	-6.189	-39.117	-14.189	-41.117	1.811	-40.117	2.811	-39.117	2.811	-22.117	1.811	-21.117	-0.189	-12.117	-29.189	-11.117	-27.189	-2.117	-0.189	-1.117	1.811	-0.117	-0.189	7.883	-29.189	8.883	-27.189	
-0.100	-0.158	-41.100	1.842	-40.100	2.842	-39.100	2.842	-31.100	-6.158	-39.100	-14.158	-41.100	1.842	-40.100	2.842	-39.100	2.842	-22.100	1.842	-21.100	-0.158	-12.100	-29.158	-11.100	-27.158	-2.100	-0.158	-1.100	1.842	-0.100	-0.158	7.900	-29.158	8.900	-27.158	
-0.085	-0.132	-41.085	1.868	-40.085	2.868	-39.085	2.868	-31.085	-6.132	-39.085	-14.132	-41.085	1.868	-40.085	2.868	-39.085	2.868	-22.085	1.868	-21.085	-0.132	-12.085	-29.132	-11.085	-27.132	-2.085	-0.132	-1.085	1.868	-0.085	-0.132	7.915	-29.132	8.915	-27.132	
-0.072	-0.111	-41.072	1.889	-40.072	2.889	-39.072	2.889	-31.072	-6.111	-39.072	-14.111	-41.072	1.889	-40.072	2.889	-39.072	2.889	-22.072	1.889	-21.072	-0.111	-12.072	-29.111	-11.072	-27.111	-2.072	-0.111	-1.072	1.889	-0.072	-0.111	7.928	-29.111	8.928	-27.111	
-0.061	-0.093	-41.061	1.907	-40.061	2.907	-39.061	2.907	-31.061	-6.093	-39.061	-14.093	-41.061	1.907	-40.061	2.907	-39.061	2.907	-22.061	1.907	-21.061	-0.093	-12.061	-29.093	-11.061	-27.093	-2.061	-0.093	-1.061	1.907	-0.061	-0.093	7.939	-29.093	8.939	-27.093	
-0.051	-0.078	-41.051	1.922	-40.051	2.922	-39.051	2.922	-31.051	-6.078	-39.051	-14.078	-41.051	1.922	-40.051	2.922	-39.051	2.922	-22.051	1.922	-21.051	-0.078	-12.051	-29.078	-11.051	-27.078	-2.051	-0.078	-1.051	1.922	-0.051	-0.078	7.949	-29.078	8.949	-27.078	
-0.043	-0.065	-41.043	1.947	-40.035	2.947	-39.035	2.947	-31.035	-6.053	-39.035	-14.053	-41.035	1.947	-40.035	2.947	-39.035	2.947	-22.035	1.947	-21.035	-0.053	-12.035	-29.053	-11.035	-27.053	-2.035	-0.053	-1.035	1.947	-0.035	-0.053	7.965	-29.053	8.965	-27.053	
-0.028	-0.042	-41.028	1.958	-40.028	2.958	-39.028	2.958	-31.028	-6.042	-39.028	-14.042	-41.028	1.958	-40.028	2.958	-39.028	2.958	-22.028	1.958	-21.028	-0.042	-12.028	-29.042	-11.028	-27.042	-2.028	-0.042	-1.028	1.958	-0.028	-0.042	7.972	-29.042	8.972	-27.042	
-0.024	-0.035	-41.024	1.965	-40.024	2.965	-39.024	2.965	-31.024	-6.035	-39.024	-14.035	-41.024	1.965	-40.024	2.965	-39.024	2.965	-22.024	1.965	-21.024	-0.035	-12.024	-29.035	-11.024	-27.035	-2.024	-0.035	-1.024	1.965	-0.024	-0.035	7.976	-29.035	8.976	-27.035	
-0.020	-0.030	-41.020	1.970	-40.020	2.970	-39.020	2.970	-31.020	-6.030	-39.020	-14.030	-41.020	1.970	-40.020	2.970	-39.020	2.970	-22.020	1.970	-21.020	-0.030	-12.020	-29.030	-11.020	-27.030	-2.020	-0.030	-1.020	1.970	-0.020	-0.030	7.980	-29.030	8.980	-27.030	
-0.017	-0.025	-41.017	1.975	-40.017	2.975	-39.017	2.975	-31.017	-6.025	-39.017	-14.025	-41.017	1.975	-40.017	2.975	-39.017	2.975	-22.017	1.975	-21.017	-0.025	-12.017	-29.025	-11.017	-27.025	-2.017	-0.025	-1.017	1.975	-0.017	-0.025	7.983	-29.025	8.983	-27.025	
-0.014	-0.021	-41.014	1.979	-40.014	2.979	-39.014	2.979	-31.014	-6.021	-39.014	-14.021	-41.014	1.979	-40.014	2.979	-39.014	2.979	-22.014	1.979	-21.014	-0.021	-12.014	-29.021	-11.014	-27.021	-2.014	-0.021	-1.014	1.979	-0.014	-0.021	7.986	-29.021	8.986	-27.021	
-0.012	-0.018	-41.012	1.982	-40.012	2.982	-39.012	2.982	-31.012	-6.018	-39.012	-14.018	-41.012	1.982	-40.012	2.982	-39.012	2.982	-22.012	1.982	-21.012	-0.018	-12.012	-29.018	-11.012	-27.018	-2.012	-0.018	-1.012	1.982	-0.012	-0.018	7.988	-29.018	8.988	-27.018	
