dx		dy		dx0		dy0		dx1		dy1		dx2		dy2		dx3		dy3		dx4		dy4		dx5		dy5		dx6		dy6		dx7		dy7		dx8		dy8		dx9		dy9		dx10		dy10		dx11		dy11		dx12		dy12		dx13		dy13		dx14		dy14		dx15		dy15		dx16		dy16		dx17		dy17		dx18		dy18		dx19		dy19		dx20		dy20		dx21		dy211.006	1.982	-28.994	30.982	-27.994	31.982	-26.994	31.982	-18.994	22.982	-26.994	14.982	-28.994	30.982	-27.994	31.982	-26.994	31.982	-9.994	30.982	-8.994	28.982	0.006	-0.018	1.006	1.982	10.006	28.982	11.006	30.982	12.006	28.982	20.006	-0.018	21.006	1.982	
0.693	2.151	-29.307	31.151	-28.307	32.151	-27.307	32.151	-19.307	23.151	-27.307	15.151	-29.307	31.151	-28.307	32.151	-27.307	32.151	-10.307	31.151	-9.307	29.151	-0.307	0.151	0.693	2.151	9.693	29.151	10.693	31.151	11.693	29.151	19.693	0.151	20.693	2.151	
0.332	2.127	-29.668	31.127	-28.668	32.127	-27.668	32.127	-19.668	23.127	-27.668	15.127	-29.668	31.127	-28.668	32.127	-27.668	32.127	-10.668	31.127	-9.668	29.127	-0.668	0.127	0.332	2.127	9.332	29.127	10.332	31.127	11.332	29.127	19.332	0.127	20.332	2.127	
0.030	1.962	-29.970	30.962	-28.970	31.962	-27.970	31.962	-19.970	22.962	-27.970	14.962	-29.970	30.962	-28.970	31.962	-27.970	31.962	-10.970	30.962	-9.970	28.962	-0.970	-0.038	0.030	1.962	9.030	28.962	10.030	30.962	11.030	28.962	19.030	-0.038	20.030	1.962	
-0.180	1.729	-30.180	30.729	-29.180	31.729	-28.180	31.729	-20.180	22.729	-28.180	14.729	-30.180	30.729	-29.180	31.729	-28.180	31.729	-11.180	30.729	-10.180	28.729	-1.180	-0.271	-0.180	1.729	8.820	28.729	9.820	30.729	10.820	28.729	18.820	-0.271	19.820	1.729	
-0.305	1.481	-30.305	30.481	-29.305	31.481	-28.305	31.481	-20.305	22.481	-28.305	14.481	-30.305	30.481	-29.305	31.481	-28.305	31.481	-11.305	30.481	-10.305	28.481	-1.305	-0.519	-0.305	1.481	8.695	28.481	9.695	30.481	10.695	28.481	18.695	-0.519	19.695	1.481	
-0.366	1.246	-30.366	30.246	-29.366	31.246	-28.366	31.246	-20.366	22.246	-28.366	14.246	-30.366	30.246	-29.366	31.246	-28.366	31.246	-11.366	30.246	-10.366	28.246	-1.366	-0.754	-0.366	1.246	8.634	28.246	9.634	30.246	10.634	28.246	18.634	-0.754	19.634	1.246	
-0.382	1.039	-30.382	30.039	-29.382	31.039	-28.382	31.039	-20.382	22.039	-28.382	14.039	-30.382	30.039	-29.382	31.039	-28.382	31.039	-11.382	30.039	-10.382	28.039	-1.382	-0.961	-0.382	1.039	8.618	28.039	9.618	30.039	10.618	28.039	18.618	-0.961	19.618	1.039	
-0.372	0.862	-30.372	29.862	-29.372	30.862	-28.372	30.862	-20.372	21.862	-28.372	13.862	-30.372	29.862	-29.372	30.862	-28.372	30.862	-11.372	29.862	-10.372	27.862	-1.372	-1.138	-0.372	0.862	8.628	27.862	9.628	29.862	10.628	27.862	18.628	-1.138	19.628	0.862	
-0.346	0.714	-30.346	29.714	-29.346	30.714	-28.346	30.714	-20.346	21.714	-28.346	13.714	-30.346	29.714	-29.346	30.714	-28.346	30.714	-11.346	29.714	-10.346	27.714	-1.346	-1.286	-0.346	0.714	8.654	27.714	9.654	29.714	10.654	27.714	18.654	-1.286	19.654	0.714	
-0.314	0.591	-30.314	29.591	-29.314	30.591	-28.314	30.591	-20.314	21.591	-28.314	13.591	-30.314	29.591	-29.314	30.591	-28.314	30.591	-11.314	29.591	-10.314	27.591	-1.314	-1.409	-0.314	0.591	8.686	27.591	9.686	29.591	10.686	27.591	18.686	-1.409	19.686	0.591	
-0.279	0.490	-30.279	29.490	-29.279	30.490	-28.279	30.490	-20.279	21.490	-28.279	13.490	-30.279	29.490	-29.279	30.490	-28.279	30.490	-11.279	29.490	-10.279	27.490	-1.279	-1.510	-0.279	0.490	8.721	27.490	9.721	29.490	10.721	27.490	18.721	-1.510	19.721	0.490	
-0.244	0.407	-30.244	29.407	-29.244	30.407	-28.244	30.407	-20.244	21.407	-28.244	13.407	-30.244	29.407	-29.244	30.407	-28.244	30.407	-11.244	29.407	-10.244	27.407	-1.244	-1.593	-0.244	0.407	8.756	27.407	9.756	29.407	10.756	27.407	18.756	-1.593	19.756	0.407	
-0.212	0.338	-30.212	29.338	-29.212	30.338	-28.212	30.338	-20.212	21.338	-28.212	13.338	-30.212	29.338	-29.212	30.338	-28.212	30.338	-11.212	29.338	-10.212	27.338	-1.212	-1.662	-0.212	0.338	8.788	27.338	9.788	29.338	10.788	27.338	18.788	-1.662	19.788	0.338	
-0.183	0.281	-30.183	29.281	-29.183	30.281	-28.183	30.281	-20.183	21.281	-28.183	13.281	-30.183	29.281	-29.183	30.281	-28.183	30.281	-11.183	29.281	-10.183	27.281	-1.183	-1.719	-0.183	0.281	8.817	27.281	9.817	29.281	10.817	27.281	18.817	-1.719	19.817	0.281	
-0.156	0.235	-30.156	29.235	-29.156	30.235	-28.156	30.235	-20.156	21.235	-28.156	13.235	-30.156	29.235	-29.156	30.235	-28.156	30.235	-11.156	29.235	-10.156	27.235	-1.156	-1.765	-0.156	0.235	8.844	27.235	9.844	29.235	10.844	27.235	18.844	-1.765	19.844	0.235	
-0.133	0.196	-30.133	29.196	-29.133	30.196	-28.133	30.196	-20.133	21.196	-28.133	13.196	-30.133	29.196	-29.133	30.196	-28.133	30.196	-11.133	29.196	-10.133	27.196	-1.133	-1.804	-0.133	0.196	8.867	27.196	9.867	29.196	10.867	27.196	18.867	-1.804	19.867	0.196	
-0.114	0.164	-30.114	29.164	-29.114	30.164	-28.114	30.164	-20.114	21.164	-28.114	13.164	-30.114	29.164	-29.114	30.164	-28.114	30.164	-11.114	29.164	-10.114	27.164	-1.114	-1.836	-0.114	0.164	8.886	27.164	9.886	29.164	10.886	27.164	18.886	-1.836	19.886	0.164	
-0.096	0.137	-30.096	29.137	-29.096	30.137	-28.096	30.137	-20.096	21.137	-28.096	13.137	-30.096	29.137	-29.096	30.137	-28.096	30.137	-11.096	29.137	-10.096	27.137	-1.096	-1.863	-0.096	0.137	8.904	27.137	9.904	29.137	10.904	27.137	18.904	-1.863	19.904	0.137	
-0.081	0.114	-30.081	29.114	-29.081	30.114	-28.081	30.114	-20.081	21.114	-28.081	13.114	-30.081	29.114	-29.081	30.114	-28.081	30.114	-11.081	29.114	-10.081	27.114	-1.081	-1.886	-0.081	0.114	8.919	27.114	9.919	29.114	10.919	27.114	18.919	-1.886	19.919	0.114	
-0.069	0.096	-30.069	29.096	-29.069	30.096	-28.069	30.096	-20.069	21.096	-28.069	13.096	-30.069	29.096	-29.069	30.096	-28.069	30.096	-11.069	29.096	-10.069	27.096	-1.069	-1.904	-0.069	0.096	8.931	27.096	9.931	29.096	10.931	27.096	18.931	-1.904	19.931	0.096	
-0.058	0.080	-30.058	29.080	-29.058	30.080	-28.058	30.080	-20.058	21.080	-28.058	13.080	-30.058	29.080	-29.058	30.080	-28.058	30.080	-11.058	29.080	-10.058	27.080	-1.058	-1.920	-0.058	0.080	8.942	27.080	9.942	29.080	10.942	27.080	18.942	-1.920	19.942	0.080	
-0.049	0.067	-30.049	29.067	-29.049	30.067	-28.049	30.067	-20.049	21.067	-28.049	13.067	-30.049	29.067	-29.049	30.067	-28.049	30.067	-11.049	29.067	-10.049	27.067	-1.049	-1.933	-0.049	0.067	8.951	27.067	9.951	29.067	10.951	27.067	18.951	-1.933	19.951	0.067	
-0.040	0.054	-30.040	29.054	-29.040	30.054	-28.040	30.054	-20.040	21.054	-28.040	13.054	-30.040	29.054	-29.040	30.054	-28.040	30.054	-11.040	29.054	-10.040	27.054	-1.040	-1.946	-0.040	0.054	8.960	27.054	9.960	29.054	10.960	27.054	18.960	-1.946	19.960	0.054	
-0.034	0.037	-30.027	29.037	-29.027	30.037	-28.027	30.037	-20.027	21.037	-28.027	13.037	-30.027	29.037	-29.027	30.037	-28.027	30.037	-11.027	29.037	-10.027	27.037	-1.027	-1.963	-0.027	0.037	8.973	27.037	9.973	29.037	10.973	27.037	18.973	-1.963	19.973	0.037	
-0.022	0.030	-30.022	29.030	-29.022	30.030	-28.022	30.030	-20.022	21.030	-28.022	13.030	-30.022	29.030	-29.022	30.030	-28.022	30.030	-11.022	29.030	-10.022	27.030	-1.022	-1.970	-0.022	0.030	8.978	27.030	9.978	29.030	10.978	27.030	18.978	-1.970	19.978	0.030	
-0.018	0.025	-30.018	29.025	-29.018	30.025	-28.018	30.025	-20.018	21.025	-28.018	13.025	-30.018	29.025	-29.018	30.025	-28.018	30.025	-11.018	29.025	-10.018	27.025	-1.018	-1.975	-0.018	0.025	8.982	27.025	9.982	29.025	10.982	27.025	18.982	-1.975	19.982	0.025	
-0.015	0.021	-30.015	29.021	-29.015	30.021	-28.015	30.021	-20.015	21.021	-28.015	13.021	-30.015	29.021	-29.015	30.021	-28.015	30.021	-11.015	29.021	-10.015	27.021	-1.015	-1.979	-0.015	0.021	8.985	27.021	9.985	29.021	10.985	27.021	18.985	-1.979	19.985	0.021	
-0.013	0.018	-30.013	29.018	-29.013	30.018	-28.013	30.018	-20.013	21.018	-28.013	13.018	-30.013	29.018	-29.013	30.018	-28.013	30.018	-11.013	29.018	-10.013	27.018	-1.013	-1.982	-0.013	0.018	8.987	27.018	9.987	29.018	10.987	27.018	18.987	-1.982	19.987	0.018	
