dx		dy		dx0		dy0		dx1		dy1		dx2		dy2		dx3		dy3		dx4		dy4		dx5		dy5		dx6		dy6		dx7		dy7		dx8		dy8		dx9		dy9		dx10		dy10		dx11		dy11		dx12		dy12		dx13		dy13		dx14		dy14		dx15		dy15		dx16		dy16		dx17		dy17		dx18		dy18		dx19		dy19		dx20		dy20		dx21		dy218.989	27.015	-30.011	29.015	-29.011	30.015	-28.011	30.015	-20.011	21.015	-28.011	13.015	-30.011	29.015	-29.011	30.015	-28.011	30.015	-11.011	29.015	-10.011	27.015	-1.011	-1.985	-0.011	0.015	8.989	27.015	9.989	29.015	10.989	27.015	18.989	-1.985	19.989	0.015	
9.196	26.409	-29.804	28.409	-28.804	29.409	-27.804	29.409	-19.804	20.409	-27.804	12.409	-29.804	28.409	-28.804	29.409	-27.804	29.409	-10.804	28.409	-9.804	26.409	-0.804	-2.591	0.196	-0.591	9.196	26.409	10.196	28.409	11.196	26.409	19.196	-2.591	20.196	-0.591	
9.271	25.774	-29.729	27.774	-28.729	28.774	-27.729	28.774	-19.729	19.774	-27.729	11.774	-29.729	27.774	-28.729	28.774	-27.729	28.774	-10.729	27.774	-9.729	25.774	-0.729	-3.226	0.271	-1.226	9.271	25.774	10.271	27.774	11.271	25.774	19.271	-3.226	20.271	-1.226	
9.252	25.134	-29.748	27.134	-28.748	28.134	-27.748	28.134	-19.748	19.134	-27.748	11.134	-29.748	27.134	-28.748	28.134	-27.748	28.134	-10.748	27.134	-9.748	25.134	-0.748	-3.866	0.252	-1.866	9.252	25.134	10.252	27.134	11.252	25.134	19.252	-3.866	20.252	-1.866	
9.166	24.500	-29.834	26.500	-28.834	27.500	-27.834	27.500	-19.834	18.500	-27.834	10.500	-29.834	26.500	-28.834	27.500	-27.834	27.500	-10.834	26.500	-9.834	24.500	-0.834	-4.500	0.166	-2.500	9.166	24.500	10.166	26.500	11.166	24.500	19.166	-4.500	20.166	-2.500	
9.035	23.873	-29.965	25.873	-28.965	26.873	-27.965	26.873	-19.965	17.873	-27.965	9.873	-29.965	25.873	-28.965	26.873	-27.965	26.873	-10.965	25.873	-9.965	23.873	-0.965	-5.127	0.035	-3.127	9.035	23.873	10.035	25.873	11.035	23.873	19.035	-5.127	20.035	-3.127	
8.874	23.254	-30.126	25.254	-29.126	26.254	-28.126	26.254	-20.126	17.254	-28.126	9.254	-30.126	25.254	-29.126	26.254	-28.126	26.254	-11.126	25.254	-10.126	23.254	-1.126	-5.746	-0.126	-3.746	8.874	23.254	9.874	25.254	10.874	23.254	18.874	-5.746	19.874	-3.746	
8.690	22.641	-30.310	24.641	-29.310	25.641	-28.310	25.641	-20.310	16.641	-28.310	8.641	-30.310	24.641	-29.310	25.641	-28.310	25.641	-11.310	24.641	-10.310	22.641	-1.310	-6.359	-0.310	-4.359	8.690	22.641	9.690	24.641	10.690	22.641	18.690	-6.359	19.690	-4.359	
8.492	22.032	-30.508	24.032	-29.508	25.032	-28.508	25.032	-20.508	16.032	-28.508	8.032	-30.508	24.032	-29.508	25.032	-28.508	25.032	-11.508	24.032	-10.508	22.032	-1.508	-6.968	-0.508	-4.968	8.492	22.032	9.492	24.032	10.492	22.032	18.492	-6.968	19.492	-4.968	
8.284	21.427	-30.716	23.427	-29.716	24.427	-28.716	24.427	-20.716	15.427	-28.716	7.427	-30.716	23.427	-29.716	24.427	-28.716	24.427	-11.716	23.427	-10.716	21.427	-1.716	-7.573	-0.716	-5.573	8.284	21.427	9.284	23.427	10.284	21.427	18.284	-7.573	19.284	-5.573	
8.068	20.824	-30.932	22.824	-29.932	23.824	-28.932	23.824	-20.932	14.824	-28.932	6.824	-30.932	22.824	-29.932	23.824	-28.932	23.824	-11.932	22.824	-10.932	20.824	-1.932	-8.176	-0.932	-6.176	8.068	20.824	9.068	22.824	10.068	20.824	18.068	-8.176	19.068	-6.176	
7.848	20.224	-31.152	22.224	-30.152	23.224	-29.152	23.224	-21.152	14.224	-29.152	6.224	-31.152	22.224	-30.152	23.224	-29.152	23.224	-12.152	22.224	-11.152	20.224	-2.152	-8.776	-1.152	-6.776	7.848	20.224	8.848	22.224	9.848	20.224	17.848	-8.776	18.848	-6.776	
7.623	19.624	-31.377	21.624	-30.377	22.624	-29.377	22.624	-21.377	13.624	-29.377	5.624	-31.377	21.624	-30.377	22.624	-29.377	22.624	-12.377	21.624	-11.377	19.624	-2.377	-9.376	-1.377	-7.376	7.623	19.624	8.623	21.624	9.623	19.624	17.623	-9.376	18.623	-7.376	
7.397	19.026	-31.603	21.026	-30.603	22.026	-29.603	22.026	-21.603	13.026	-29.603	5.026	-31.603	21.026	-30.603	22.026	-29.603	22.026	-12.603	21.026	-11.603	19.026	-2.603	-9.974	-1.603	-7.974	7.397	19.026	8.397	21.026	9.397	19.026	17.397	-9.974	18.397	-7.974	
7.169	18.428	-31.831	20.428	-30.831	21.428	-29.831	21.428	-21.831	12.428	-29.831	4.428	-31.831	20.428	-30.831	21.428	-29.831	21.428	-12.831	20.428	-11.831	18.428	-2.831	-10.572	-1.831	-8.572	7.169	18.428	8.169	20.428	9.169	18.428	17.169	-10.572	18.169	-8.572	
6.939	17.830	-32.061	19.830	-31.061	20.830	-30.061	20.830	-22.061	11.830	-30.061	3.830	-32.061	19.830	-31.061	20.830	-30.061	20.830	-13.061	19.830	-12.061	17.830	-3.061	-11.170	-2.061	-9.170	6.939	17.830	7.939	19.830	8.939	17.830	16.939	-11.170	17.939	-9.170	
6.709	17.233	-32.291	19.233	-31.291	20.233	-30.291	20.233	-22.291	11.233	-30.291	3.233	-32.291	19.233	-31.291	20.233	-30.291	20.233	-13.291	19.233	-12.291	17.233	-3.291	-11.767	-2.291	-9.767	6.709	17.233	7.709	19.233	8.709	17.233	16.709	-11.767	17.709	-9.767	
6.478	16.636	-32.522	18.636	-31.522	19.636	-30.522	19.636	-22.522	10.636	-30.522	2.636	-32.522	18.636	-31.522	19.636	-30.522	19.636	-13.522	18.636	-12.522	16.636	-3.522	-12.364	-2.522	-10.364	6.478	16.636	7.478	18.636	8.478	16.636	16.478	-12.364	17.478	-10.364	
6.246	16.040	-32.754	18.040	-31.754	19.040	-30.754	19.040	-22.754	10.040	-30.754	2.040	-32.985	17.443	-31.985	18.443	-30.985	18.443	-13.985	17.443	-12.985	15.443	-3.985	-13.557	-2.985	-11.557	6.015	15.443	7.015	17.443	8.015	15.443	16.015	-13.557	17.015	-11.557	
5.783	14.847	-33.217	16.847	-32.217	17.847	-31.217	17.847	-23.217	8.847	-31.217	0.847	-33.217	16.847	-32.217	17.847	-31.217	17.847	-14.217	16.847	-13.217	14.847	-4.217	-14.153	-3.217	-12.153	5.783	14.847	6.783	16.847	7.783	14.847	15.783	-14.153	16.783	-12.153	
5.551	14.250	-33.449	16.250	-32.449	17.250	-31.449	17.250	-23.449	8.250	-31.449	0.250	-33.449	16.250	-32.449	17.250	-31.449	17.250	-14.449	16.250	-13.449	14.250	-4.449	-14.750	-3.449	-12.750	5.551	14.250	6.551	16.250	7.551	14.250	15.551	-14.750	16.551	-12.750	
5.318	13.654	-33.682	15.654	-32.682	16.654	-31.682	16.654	-23.682	7.654	-31.682	-0.346	-33.682	15.654	-32.682	16.654	-31.682	16.654	-14.682	15.654	-13.682	13.654	-4.682	-15.346	-3.682	-13.346	5.318	13.654	6.318	15.654	7.318	13.654	15.318	-15.346	16.318	-13.346	
5.086	13.057	-33.914	15.057	-32.914	16.057	-31.914	16.057	-23.914	7.057	-31.914	-0.943	-33.914	15.057	-32.914	16.057	-31.914	16.057	-14.914	15.057	-13.914	13.057	-4.914	-15.943	-3.914	-13.943	5.086	13.057	6.086	15.057	7.086	13.057	15.086	-15.943	16.086	-13.943	
4.854	12.461	-34.146	14.461	-33.146	15.461	-32.146	15.461	-24.146	6.461	-32.146	-1.539	-34.146	14.461	-33.146	15.461	-32.146	15.461	-15.146	14.461	-14.146	12.461	-5.146	-16.539	-4.146	-14.539	4.854	12.461	5.854	14.461	6.854	12.461	14.854	-16.539	15.854	-14.539	
4.622	11.865	-34.378	13.865	-33.378	14.865	-32.378	14.865	-24.378	5.865	-32.378	-2.135	-34.378	13.865	-33.378	14.865	-32.378	14.865	-15.378	13.865	-14.378	11.865	-5.378	-17.135	-4.378	-15.135	4.622	11.865	5.622	13.865	6.622	11.865	14.622	-17.135	15.622	-15.135	
4.389	11.268	-34.611	13.268	-33.611	14.268	-32.611	14.268	-24.611	5.268	-32.611	-2.732	-34.611	13.268	-33.611	14.268	-32.611	14.268	-15.611	13.268	-14.611	11.268	-5.611	-17.732	-4.611	-15.732	4.389	11.268	5.389	13.268	6.389	11.268	14.389	-17.732	15.389	-15.732	
4.157	10.672	-34.843	12.672	-33.843	13.672	-32.843	13.672	-24.843	4.672	-32.843	-3.328	-34.843	12.672	-33.843	13.672	-32.843	13.672	-15.843	12.672	-14.843	10.672	-5.843	-18.328	-4.843	-16.328	4.157	10.672	5.157	12.672	6.157	10.672	14.157	-18.328	15.157	-16.328	
3.925	10.076	-35.075	12.076	-34.075	13.076	-33.075	13.076	-25.075	4.076	-33.075	-3.924	-35.075	12.076	-34.075	13.076	-33.075	13.076	-16.075	12.076	-15.075	10.076	-6.075	-18.924	-5.075	-16.924	3.925	10.076	4.925	12.076	5.925	10.076	13.925	-18.924	14.925	-16.924	
3.693	9.479	-35.307	11.479	-34.307	12.479	-33.307	12.479	-25.307	3.479	-33.307	-4.521	-35.307	11.479	-34.307	12.479	-33.307	12.479	-16.307	11.479	-15.307	9.479	-6.307	-19.521	-5.307	-17.521	3.693	9.479	4.693	11.479	5.693	9.479	13.693	-19.521	14.693	-17.521	
3.460	8.883	-35.540	10.883	-34.540	11.883	-33.540	11.883	-25.540	2.883	-33.540	-5.117	-35.540	10.883	-34.540	11.883	-33.540	11.883	-16.540	10.883	-15.540	8.883	-6.540	-20.117	-5.540	-18.117	3.460	8.883	4.460	10.883	5.460	8.883	13.460	-20.117	14.460	-18.117	
3.228	8.286	-35.772	10.286	-34.772	11.286	-33.772	11.286	-25.772	2.286	-33.772	-5.714	-35.772	10.286	-34.772	11.286	-33.772	11.286	-16.772	10.286	-15.772	8.286	-6.772	-20.714	-5.772	-18.714	3.228	8.286	4.228	10.286	5.228	8.286	13.228	-20.714	14.228	-18.714	
2.996	7.690	-36.004	9.690	-35.004	10.690	-34.004	10.690	-26.004	1.690	-34.004	-6.310	-36.004	9.690	-35.004	10.690	-34.004	10.690	-17.004	9.690	-16.004	7.690	-7.004	-21.310	-6.004	-19.310	2.996	7.690	3.996	9.690	4.996	7.690	12.996	-21.310	13.996	-19.310	
2.763	7.094	-36.237	9.094	-35.237	10.094	-34.237	10.094	-26.237	1.094	-34.237	-6.906	-36.237	9.094	-35.237	10.094	-34.237	10.094	-17.237	9.094	-16.237	7.094	-7.237	-21.906	-6.237	-19.906	2.763	7.094	3.763	9.094	4.763	7.094	12.763	-21.906	13.763	-19.906	
2.531	6.497	-36.469	8.497	-35.469	9.497	-34.469	9.497	-26.469	0.497	-34.469	-7.503	-36.469	8.497	-35.469	9.497	-34.469	9.497	-17.469	8.497	-16.469	6.497	-7.469	-22.503	-6.469	-20.503	2.531	6.497	3.531	8.497	4.531	6.497	12.531	-22.503	13.531	-20.503	
2.299	5.901	-36.701	7.901	-35.701	8.901	-34.701	8.901	-26.701	-0.099	-34.701	-8.099	-36.701	7.901	-35.701	8.901	-34.701	8.901	-17.701	7.901	-16.701	5.901	-7.701	-23.099	-6.701	-21.099	2.299	5.901	3.299	7.901	4.299	5.901	12.299	-23.099	13.299	-21.099	
2.066	5.305	-36.934	7.305	-35.934	8.305	-34.934	8.305	-26.934	-0.695	-34.934	-8.695	-36.934	7.305	-35.934	8.305	-34.934	8.305	-17.934	7.305	-16.934	5.305	-7.934	-23.695	-6.934	-21.695	2.066	5.305	3.066	7.305	4.066	5.305	12.066	-23.695	13.066	-21.695	
1.834	4.708	-37.166	6.708	-36.166	7.708	-35.166	7.708	-27.166	-1.292	-35.166	-9.292	-37.166	6.708	-36.166	7.708	-35.166	7.708	-18.166	6.708	-17.166	4.708	-8.166	-24.292	-7.166	-22.292	1.834	4.708	2.834	6.708	3.834	4.708	11.834	-24.292	12.834	-22.292	
1.602	4.112	-37.398	6.112	-36.398	7.112	-35.398	7.112	-27.398	-1.888	-35.398	-9.888	-37.398	6.112	-36.398	7.112	-35.398	7.112	-18.398	6.112	-17.398	4.112	-8.398	-24.888	-7.398	-22.888	1.602	4.112	2.602	6.112	3.602	4.112	11.602	-24.888	12.602	-22.888	
1.370	3.516	-37.630	5.516	-36.630	6.516	-35.630	6.516	-27.630	-2.484	-35.630	-10.484	-37.630	5.516	-36.630	6.516	-35.630	6.516	-18.630	5.516	-17.630	3.516	-8.630	-25.484	-7.630	-23.484	1.370	3.516	2.370	5.516	3.370	3.516	11.370	-25.484	12.370	-23.484	
1.150	2.953	-37.850	4.953	-36.850	5.953	-35.850	5.953	-27.850	-3.047	-35.850	-11.047	-37.850	4.953	-36.850	5.953	-35.850	5.953	-18.850	4.953	-17.850	2.953	-8.850	-26.047	-7.850	-24.047	1.150	2.953	2.150	4.953	3.150	2.953	11.150	-26.047	12.150	-24.047	
0.966	2.481	-38.034	4.481	-37.034	5.481	-36.034	5.481	-28.034	-3.519	-36.034	-11.519	-38.034	4.481	-37.034	5.481	-36.034	5.481	-19.034	4.481	-18.034	2.481	-9.034	-26.519	-8.034	-24.519	0.966	2.481	1.966	4.481	2.966	2.481	10.966	-26.519	11.966	-24.519	
0.812	2.084	-38.188	4.084	-37.188	5.084	-36.188	5.084	-28.188	-3.916	-36.188	-11.916	-38.188	4.084	-37.188	5.084	-36.188	5.084	-19.188	4.084	-18.188	2.084	-9.188	-26.916	-8.188	-24.916	0.812	2.084	1.812	4.084	2.812	2.084	10.812	-26.916	11.812	-24.916	
0.682	1.750	-38.318	3.750	-37.318	4.750	-36.318	4.750	-28.318	-4.250	-36.318	-12.250	-38.318	3.750	-37.318	4.750	-36.318	4.750	-19.318	3.750	-18.318	1.750	-9.318	-27.250	-8.318	-25.250	0.682	1.750	1.682	3.750	2.682	1.750	10.682	-27.250	11.682	-25.250	
0.464	1.190	-38.536	3.190	-37.536	4.190	-36.536	4.190	-28.536	-4.810	-36.536	-12.810	-38.536	3.190	-37.536	4.190	-36.536	4.190	-19.536	3.190	-18.536	1.190	-9.536	-27.810	-8.536	-25.810	0.464	1.190	1.464	3.190	2.464	1.190	10.464	-27.810	11.464	-25.810	
0.389	1.000	-38.611	3.000	-37.611	4.000	-36.611	4.000	-28.611	-5.000	-36.611	-13.000	-38.611	3.000	-37.611	4.000	-36.611	4.000	-19.611	3.000	-18.611	1.000	-9.611	-28.000	-8.611	-26.000	0.389	1.000	1.389	3.000	2.389	1.000	10.389	-28.000	11.389	-26.000	
0.327	0.840	-38.673	2.840	-37.673	3.840	-36.673	3.840	-28.673	-5.160	-36.673	-13.160	-38.673	2.840	-37.673	3.840	-36.673	3.840	-19.673	2.840	-18.673	0.840	-9.673	-28.160	-8.673	-26.160	0.327	0.840	1.327	2.840	2.327	0.840	10.327	-28.160	11.327	-26.160	
0.275	0.705	-38.725	2.705	-37.725	3.705	-36.725	3.705	-28.725	-5.295	-36.725	-13.295	-38.725	2.705	-37.725	3.705	-36.725	3.705	-19.725	2.705	-18.725	0.705	-9.725	-28.295	-8.725	-26.295	0.275	0.705	1.275	2.705	2.275	0.705	10.275	-28.295	11.275	-26.295	
0.231	0.593	-38.769	2.593	-37.769	3.593	-36.769	3.593	-28.769	-5.407	-36.769	-13.407	-38.769	2.593	-37.769	3.593	-36.769	3.593	-19.769	2.593	-18.769	0.593	-9.769	-28.407	-8.769	-26.407	0.231	0.593	1.231	2.593	2.231	0.593	10.231	-28.407	11.231	-26.407	
0.194	0.498	-38.806	2.498	-37.806	3.498	-36.806	3.498	-28.806	-5.502	-36.806	-13.502	-38.806	2.498	-37.806	3.498	-36.806	3.498	-19.806	2.498	-18.806	0.498	-9.806	-28.502	-8.806	-26.502	0.194	0.498	1.194	2.498	2.194	0.498	10.194	-28.502	11.194	-26.502	
0.163	0.418	-38.837	2.418	-37.837	3.418	-36.837	3.418	-28.837	-5.582	-36.837	-13.582	-38.837	2.418	-37.837	3.418	-36.837	3.418	-19.837	2.418	-18.837	0.418	-9.837	-28.582	-8.837	-26.582	0.163	0.418	1.163	2.418	2.163	0.418	10.163	-28.582	11.163	-26.582	
0.137	0.351	-38.863	2.351	-37.863	3.351	-36.863	3.351	-28.863	-5.649	-36.863	-13.649	-38.863	2.351	-37.863	3.351	-36.863	3.351	-19.863	2.351	-18.863	0.351	-9.863	-28.649	-8.863	-26.649	0.137	0.351	1.137	2.351	2.137	0.351	10.137	-28.649	11.137	-26.649	
0.115	0.295	-38.885	2.295	-37.885	3.295	-36.885	3.295	-28.885	-5.705	-36.885	-13.705	-38.885	2.295	-37.885	3.295	-36.885	3.295	-19.885	2.295	-18.885	0.295	-9.885	-28.705	-8.885	-26.705	0.115	0.295	1.115	2.295	2.115	0.295	10.115	-28.705	11.115	-26.705	
0.097	0.248	-38.903	2.248	-37.903	3.248	-36.903	3.248	-28.903	-5.752	-36.903	-13.752	-38.903	2.248	-37.903	3.248	-36.903	3.248	-19.903	2.248	-18.903	0.248	-9.903	-28.752	-8.903	-26.752	0.097	0.248	1.097	2.248	2.097	0.248	10.097	-28.752	11.097	-26.752	
0.081	0.208	-38.919	2.208	-37.919	3.208	-36.919	3.208	-28.919	-5.792	-36.919	-13.792	-38.919	2.208	-37.919	3.208	-36.919	3.208	-19.919	2.208	-18.919	0.208	-9.919	-28.792	-8.919	-26.792	0.081	0.208	1.081	2.208	2.081	0.208	10.081	-28.792	11.081	-26.792	
0.068	0.175	-38.932	2.175	-37.932	3.175	-36.932	3.175	-28.932	-5.825	-36.932	-13.825	-38.932	2.175	-37.932	3.175	-36.932	3.175	-19.932	2.175	-18.932	0.175	-9.932	-28.825	-8.932	-26.825	0.068	0.175	1.068	2.175	2.068	0.175	10.068	-28.825	11.068	-26.825	
0.057	0.147	-38.943	2.147	-37.943	3.147	-36.943	3.147	-28.943	-5.853	-36.943	-13.853	-38.943	2.147	-37.943	3.147	-36.943	3.147	-19.943	2.147	-18.943	0.147	-9.943	-28.853	-8.943	-26.853	0.057	0.147	1.057	2.147	2.057	0.147	10.057	-28.853	11.057	-26.853	
0.048	0.123	-38.952	2.123	-37.952	3.123	-36.952	3.123	-28.952	-5.877	-36.952	-13.877	-38.952	2.123	-37.952	3.123	-36.952	3.123	-19.952	2.123	-18.952	0.123	-9.952	-28.877	-8.952	-26.877	0.048	0.123	1.048	2.123	2.048	0.123	10.048	-28.877	11.048	-26.877	
0.040	0.104	-38.960	2.104	-37.960	3.104	-36.960	3.104	-28.960	-5.896	-36.960	-13.896	-38.960	2.104	-37.960	3.104	-36.960	3.104	-19.960	2.104	-18.960	0.104	-9.960	-28.896	-8.960	-26.896	0.040	0.104	1.040	2.104	2.040	0.104	10.040	-28.896	11.040	-26.896	
0.034	0.087	-38.966	2.087	-37.966	3.087	-36.966	3.087	-28.966	-5.913	-36.966	-13.913	-38.966	2.087	-37.966	3.087	-36.966	3.087	-19.966	2.087	-18.966	0.087	-9.966	-28.913	-8.966	-26.913	0.034	0.087	1.034	2.087	2.034	0.087	10.034	-28.913	11.034	-26.913	
0.028	0.073	-38.972	2.073	-37.972	3.073	-36.972	3.073	-28.972	-5.927	-36.972	-13.927	-38.972	2.073	-37.972	3.073	-36.972	3.073	-19.972	2.073	-18.972	0.073	-9.972	-28.927	-8.972	-26.927	0.028	0.073	1.028	2.073	2.028	0.073	10.028	-28.927	11.028	-26.927	
0.024	0.061	-38.976	2.061	-37.976	3.061	-36.976	3.061	-28.976	-5.939	-36.976	-13.939	-38.976	2.061	-37.976	3.061	-36.976	3.061	-19.976	2.061	-18.976	0.061	-9.976	-28.939	-8.976	-26.939	0.024	0.061	1.024	2.061	2.024	0.061	10.024	-28.939	11.024	-26.939	
0.020	0.052	-38.980	2.052	-37.980	3.052	-36.980	3.052	-28.980	-5.948	-36.980	-13.948	-38.980	2.052	-37.980	3.052	-36.980	3.052	-19.980	2.052	-18.980	0.052	-9.980	-28.948	-8.980	-26.948	0.020	0.052	1.020	2.052	2.020	0.052	10.020	-28.948	11.020	-26.948	
0.017	0.043	-38.983	2.043	-37.983	3.043	-36.983	3.043	-28.983	-5.957	-36.983	-13.957	-38.983	2.043	-37.983	3.043	-36.983	3.043	-19.983	2.043	-18.983	0.043	-9.983	-28.957	-8.983	-26.957	0.017	0.043	1.017	2.043	2.017	0.043	10.017	-28.957	11.017	-26.957	
0.014	0.036	-38.986	2.036	-37.986	3.036	-36.986	3.036	-28.986	-5.964	-36.986	-13.964	-38.986	2.036	-37.986	3.036	-36.986	3.036	-19.986	2.036	-18.986	0.036	-9.986	-28.964	-8.986	-26.964	0.014	0.036	1.014	2.036	2.014	0.036	10.014	-28.964	11.014	-26.964	
0.012	0.031	-38.988	2.031	-37.988	3.031	-36.988	3.031	-28.988	-5.969	-36.988	-13.969	-38.988	2.031	-37.988	3.031	-36.988	3.031	-19.988	2.031	-18.988	0.031	-9.988	-28.969	-8.988	-26.969	0.012	0.031	1.012	2.031	2.012	0.031	10.012	-28.969	11.012	-26.969	
0.010	0.026	-38.990	2.026	-37.990	3.026	-36.990	3.026	-28.990	-5.974	-36.990	-13.974	-38.990	2.026	-37.990	3.026	-36.990	3.026	-19.990	2.026	-18.990	0.026	-9.990	-28.974	-8.990	-26.974	0.010	0.026	1.010	2.026	2.010	0.026	10.010	-28.974	11.010	-26.974	
0.008	0.022	-38.992	2.022	-37.993	3.017	-36.993	3.017	-28.993	-5.983	-36.993	-13.983	-38.993	2.017	-37.993	3.017	-36.993	3.017	-19.993	2.017	-18.993	0.017	-9.993	-28.983	-8.993	-26.983	0.007	0.017	1.007	2.017	2.007	0.017	10.007	-28.983	11.007	-26.983	
