dx		dy		dx0		dy0		dx1		dy1		dx2		dy2		dx3		dy3		dx4		dy4		dx5		dy5		dx6		dy6		dx7		dy7		dx8		dy8		dx9		dy9		dx10		dy10		dx11		dy11		dx12		dy12		dx13		dy13		dx14		dy14		dx15		dy15		dx16		dy16		dx17		dy17		dx18		dy18		dx19		dy19		dx20		dy20		dx21		dy211.005	2.014	-38.995	2.014	-37.995	3.014	-36.995	3.014	-28.995	-5.986	-36.995	-13.986	-38.995	2.014	-37.995	3.014	-36.995	3.014	-19.995	2.014	-18.995	0.014	-9.995	-28.986	-8.995	-26.986	0.005	0.014	1.005	2.014	2.005	0.014	10.005	-28.986	11.005	-26.986	
0.865	1.682	-39.135	1.682	-38.135	2.682	-37.135	2.682	-29.135	-6.318	-37.135	-14.318	-39.135	1.682	-38.135	2.682	-37.135	2.682	-20.135	1.682	-19.135	-0.318	-10.135	-29.318	-9.135	-27.318	-0.135	-0.318	0.865	1.682	1.865	-0.318	9.865	-29.318	10.865	-27.318	
0.740	1.407	-39.260	1.407	-38.260	2.407	-37.260	2.407	-29.260	-6.593	-37.260	-14.593	-39.260	1.407	-38.260	2.407	-37.260	2.407	-20.260	1.407	-19.260	-0.593	-10.260	-29.593	-9.260	-27.593	-0.260	-0.593	0.740	1.407	1.740	-0.593	9.740	-29.593	10.740	-27.593	
0.631	1.177	-39.369	1.177	-38.369	2.177	-37.369	2.177	-29.369	-6.823	-37.369	-14.823	-39.369	1.177	-38.369	2.177	-37.369	2.177	-20.369	1.177	-19.369	-0.823	-10.369	-29.823	-9.369	-27.823	-0.369	-0.823	0.631	1.177	1.631	-0.823	9.631	-29.823	10.631	-27.823	
0.536	0.985	-39.464	0.985	-38.464	1.985	-37.464	1.985	-29.464	-7.015	-37.464	-15.015	-39.464	0.985	-38.464	1.985	-37.464	1.985	-20.464	0.985	-19.464	-1.015	-10.464	-30.015	-9.464	-28.015	-0.464	-1.015	0.536	0.985	1.536	-1.015	9.536	-30.015	10.536	-28.015	
0.455	0.825	-39.545	0.825	-38.545	1.825	-37.545	1.825	-29.545	-7.175	-37.545	-15.175	-39.545	0.825	-38.545	1.825	-37.545	1.825	-20.545	0.825	-19.545	-1.175	-10.545	-30.175	-9.545	-28.175	-0.545	-1.175	0.455	0.825	1.455	-1.175	9.455	-30.175	10.455	-28.175	
0.385	0.692	-39.615	0.692	-38.615	1.692	-37.615	1.692	-29.615	-7.308	-37.615	-15.308	-39.615	0.692	-38.615	1.692	-37.615	1.692	-20.615	0.692	-19.615	-1.308	-10.615	-30.308	-9.615	-28.308	-0.615	-1.308	0.385	0.692	1.385	-1.308	9.385	-30.308	10.385	-28.308	
0.325	0.580	-39.675	0.580	-38.675	1.580	-37.675	1.580	-29.675	-7.420	-37.675	-15.420	-39.675	0.580	-38.675	1.580	-37.675	1.580	-20.675	0.580	-19.675	-1.420	-10.675	-30.420	-9.675	-28.420	-0.675	-1.420	0.325	0.580	1.325	-1.420	9.325	-30.420	10.325	-28.420	
0.275	0.487	-39.725	0.487	-38.725	1.487	-37.725	1.487	-29.725	-7.513	-37.725	-15.513	-39.725	0.487	-38.725	1.487	-37.725	1.487	-20.725	0.487	-19.725	-1.513	-10.725	-30.513	-9.725	-28.513	-0.725	-1.513	0.275	0.487	1.275	-1.513	9.275	-30.513	10.275	-28.513	
0.232	0.408	-39.768	0.408	-38.768	1.408	-37.768	1.408	-29.768	-7.592	-37.768	-15.592	-39.768	0.408	-38.768	1.408	-37.768	1.408	-20.768	0.408	-19.768	-1.592	-10.768	-30.592	-9.768	-28.592	-0.768	-1.592	0.232	0.408	1.232	-1.592	9.232	-30.592	10.232	-28.592	
0.195	0.343	-39.805	0.343	-38.805	1.343	-37.805	1.343	-29.805	-7.657	-37.805	-15.657	-39.805	0.343	-38.805	1.343	-37.805	1.343	-20.805	0.343	-19.805	-1.657	-10.805	-30.657	-9.805	-28.657	-0.805	-1.657	0.195	0.343	1.195	-1.657	9.195	-30.657	10.195	-28.657	
0.164	0.288	-39.836	0.288	-38.836	1.288	-37.836	1.288	-29.836	-7.712	-37.836	-15.712	-39.836	0.288	-38.836	1.288	-37.836	1.288	-20.836	0.288	-19.836	-1.712	-10.836	-30.712	-9.836	-28.712	-0.836	-1.712	0.164	0.288	1.164	-1.712	9.164	-30.712	10.164	-28.712	
0.138	0.241	-39.862	0.241	-38.862	1.241	-37.862	1.241	-29.862	-7.759	-37.862	-15.759	-39.862	0.241	-38.862	1.241	-37.862	1.241	-20.862	0.241	-19.862	-1.759	-10.862	-30.759	-9.862	-28.759	-0.862	-1.759	0.138	0.241	1.138	-1.759	9.138	-30.759	10.138	-28.759	
0.116	0.203	-39.884	0.203	-38.884	1.203	-37.884	1.203	-29.884	-7.797	-37.884	-15.797	-39.884	0.203	-38.884	1.203	-37.884	1.203	-20.884	0.203	-19.884	-1.797	-10.884	-30.797	-9.884	-28.797	-0.884	-1.797	0.116	0.203	1.116	-1.797	9.116	-30.797	10.116	-28.797	
0.098	0.170	-39.902	0.170	-38.902	1.170	-37.902	1.170	-29.902	-7.830	-37.902	-15.830	-39.902	0.170	-38.902	1.170	-37.902	1.170	-20.902	0.170	-19.902	-1.830	-10.902	-30.830	-9.902	-28.830	-0.902	-1.830	0.098	0.170	1.098	-1.830	9.098	-30.830	10.098	-28.830	
0.082	0.143	-39.918	0.143	-38.918	1.143	-37.918	1.143	-29.918	-7.857	-37.918	-15.857	-39.918	0.143	-38.918	1.143	-37.918	1.143	-20.918	0.143	-19.918	-1.857	-10.918	-30.857	-9.918	-28.857	-0.918	-1.857	0.082	0.143	1.082	-1.857	9.082	-30.857	10.082	-28.857	
0.069	0.120	-39.931	0.120	-38.931	1.120	-37.931	1.120	-29.931	-7.880	-37.931	-15.880	-39.931	0.120	-38.931	1.120	-37.931	1.120	-20.931	0.120	-19.931	-1.880	-10.931	-30.880	-9.931	-28.880	-0.931	-1.880	0.069	0.120	1.069	-1.880	9.069	-30.880	10.069	-28.880	
0.058	0.101	-39.942	0.101	-38.942	1.101	-37.942	1.101	-29.942	-7.899	-37.942	-15.899	-39.942	0.101	-38.942	1.101	-37.942	1.101	-20.942	0.101	-19.942	-1.899	-10.942	-30.899	-9.942	-28.899	-0.942	-1.899	0.058	0.101	1.058	-1.899	9.058	-30.899	10.058	-28.899	
0.049	0.085	-39.951	0.085	-38.951	1.085	-37.951	1.085	-29.951	-7.915	-37.951	-15.915	-39.951	0.085	-38.951	1.085	-37.951	1.085	-20.951	0.085	-19.951	-1.915	-10.951	-30.915	-9.951	-28.915	-0.951	-1.915	0.049	0.085	1.049	-1.915	9.049	-30.915	10.049	-28.915	
0.041	0.071	-39.959	0.071	-38.959	1.071	-37.959	1.071	-29.959	-7.929	-37.959	-15.929	-39.959	0.071	-38.959	1.071	-37.959	1.071	-20.959	0.071	-19.959	-1.929	-10.959	-30.929	-9.959	-28.929	-0.959	-1.929	0.041	0.071	1.041	-1.929	9.041	-30.929	10.041	-28.929	
0.035	0.060	-39.965	0.060	-38.965	1.060	-37.965	1.060	-29.965	-7.940	-37.965	-15.940	-39.965	0.060	-38.965	1.060	-37.965	1.060	-20.965	0.060	-19.965	-1.940	-10.965	-30.940	-9.965	-28.940	-0.965	-1.940	0.035	0.060	1.035	-1.940	9.035	-30.940	10.035	-28.940	
0.029	0.050	-39.971	0.050	-38.971	1.050	-37.971	1.050	-29.971	-7.950	-37.971	-15.950	-39.971	0.050	-38.971	1.050	-37.971	1.050	-20.971	0.050	-19.971	-1.950	-10.971	-30.950	-9.971	-28.950	-0.971	-1.950	0.029	0.050	1.029	-1.950	9.029	-30.950	10.029	-28.950	
0.024	0.042	-39.976	0.042	-38.976	1.042	-37.976	1.042	-29.976	-7.958	-37.976	-15.958	-39.976	0.042	-38.976	1.042	-37.976	1.042	-20.976	0.042	-19.976	-1.958	-10.976	-30.958	-9.976	-28.958	-0.976	-1.958	0.024	0.042	1.024	-1.958	9.024	-30.958	10.024	-28.958	
0.017	0.029	-39.983	0.029	-38.983	1.029	-37.983	1.029	-29.983	-7.971	-37.983	-15.971	-39.983	0.029	-38.983	1.029	-37.983	1.029	-20.983	0.029	-19.983	-1.971	-10.983	-30.971	-9.983	-28.971	-0.983	-1.971	0.017	0.029	1.017	-1.971	9.017	-30.971	10.017	-28.971	
0.013	0.023	-39.987	0.023	-38.987	1.023	-37.987	1.023	-29.987	-7.977	-37.987	-15.977	-39.987	0.023	-38.987	1.023	-37.987	1.023	-20.987	0.023	-19.987	-1.977	-10.987	-30.977	-9.987	-28.977	-0.987	-1.977	0.013	0.023	1.013	-1.977	9.013	-30.977	10.013	-28.977	
0.011	0.019	-39.989	0.019	-38.989	1.019	-37.989	1.019	-29.989	-7.981	-37.989	-15.981	-39.989	0.019	-38.989	1.019	-37.989	1.019	-20.989	0.019	-19.989	-1.981	-10.989	-30.981	-9.989	-28.981	-0.989	-1.981	0.011	0.019	1.011	-1.981	9.011	-30.981	10.011	-28.981	
