dx		dy		dx0		dy0		dx1		dy1		dx2		dy2		dx3		dy3		dx4		dy4		dx5		dy5		dx6		dy6		dx7		dy7		dx8		dy8		dx9		dy9		dx10		dy10		dx11		dy11		dx12		dy12		dx13		dy13		dx14		dy14		dx15		dy15		dx16		dy16		dx17		dy17		dx18		dy18		dx19		dy19		dx20		dy20		dx21		dy215.000	40.000	5.000	40.000	6.000	41.000	7.000	41.000	15.000	32.000	7.000	24.000	5.000	40.000	6.000	41.000	7.000	41.000	24.000	40.000	25.000	38.000	34.000	9.000	35.000	11.000	44.000	38.000	45.000	40.000	46.000	38.000	54.000	9.000	55.000	11.000	
5.000	40.000	5.000	40.000	6.000	41.000	7.000	41.000	15.000	32.000	7.000	24.000	5.000	40.000	6.000	41.000	7.000	41.000	24.000	40.000	25.000	38.000	34.000	9.000	35.000	11.000	44.000	38.000	45.000	40.000	46.000	38.000	54.000	9.000	55.000	11.000	
5.000	40.000	5.000	40.000	6.000	41.000	7.000	41.000	15.000	32.000	7.000	24.000	5.000	40.000	6.000	41.000	7.000	41.000	24.000	40.000	25.000	38.000	34.000	9.000	35.000	11.000	44.000	38.000	45.000	40.000	46.000	38.000	54.000	9.000	55.000	11.000	
5.000	40.000	5.000	40.000	6.000	41.000	7.000	41.000	15.000	32.000	7.000	24.000	5.000	40.000	6.000	41.000	7.000	41.000	24.000	40.000	25.000	38.000	34.000	9.000	35.000	11.000	44.000	38.000	45.000	40.000	46.000	38.000	54.000	9.000	55.000	11.000	
5.000	40.000	5.000	40.000	6.000	41.000	7.000	41.000	15.000	32.000	7.000	24.000	5.000	40.000	6.000	41.000	7.000	41.000	24.000	40.000	25.000	38.000	34.000	9.000	35.000	11.000	44.000	38.000	45.000	40.000	46.000	38.000	54.000	9.000	55.000	11.000	
0.000	30.000	0.000	30.000	1.000	31.000	2.000	31.000	10.000	22.000	2.000	14.000	0.000	30.000	1.000	31.000	2.000	31.000	19.000	30.000	20.000	28.000	29.000	-1.000	30.000	1.000	39.000	28.000	40.000	30.000	41.000	28.000	49.000	-1.000	50.000	1.000	
0.000	30.000	0.000	30.000	1.000	31.000	2.000	31.000	10.000	22.000	2.000	14.000	0.000	30.000	1.000	31.000	2.000	31.000	19.000	30.000	20.000	28.000	29.000	-1.000	30.000	1.000	39.000	28.000	40.000	30.000	41.000	28.000	49.000	-1.000	50.000	1.000	
0.000	30.000	0.000	30.000	1.000	31.000	2.000	31.000	10.000	22.000	2.000	14.000	0.000	30.000	1.000	31.000	2.000	31.000	19.000	30.000	20.000	28.000	29.000	-1.000	30.000	1.000	39.000	28.000	40.000	30.000	41.000	28.000	49.000	-1.000	50.000	1.000	
0.000	30.000	0.000	30.000	1.000	31.000	2.000	31.000	10.000	22.000	2.000	14.000	0.000	30.000	1.000	31.000	2.000	31.000	19.000	30.000	20.000	28.000	29.000	-1.000	30.000	1.000	39.000	28.000	40.000	30.000	41.000	28.000	49.000	-1.000	50.000	1.000	
0.000	30.000	0.000	30.000	1.000	31.000	2.000	31.000	10.000	22.000	2.000	14.000	0.000	30.000	1.000	31.000	2.000	31.000	19.000	30.000	20.000	28.000	29.000	-1.000	30.000	1.000	39.000	28.000	40.000	30.000	41.000	28.000	49.000	-1.000	50.000	1.000	
0.000	30.000	0.000	30.000	1.000	31.000	2.000	31.000	10.000	22.000	2.000	14.000	0.000	30.000	1.000	31.000	2.000	31.000	19.000	30.000	20.000	28.000	29.000	-1.000	30.000	1.000	39.000	28.000	40.000	30.000	41.000	28.000	49.000	-1.000	50.000	1.000	
0.000	30.000	0.000	30.000	1.000	31.000	2.000	31.000	10.000	22.000	2.000	14.000	0.000	30.000	1.000	31.000	2.000	31.000	19.000	30.000	20.000	28.000	29.000	-1.000	30.000	1.000	39.000	28.000	40.000	30.000	41.000	28.000	49.000	-1.000	50.000	1.000	
0.000	30.000	0.000	30.000	1.000	31.000	2.000	31.000	10.000	22.000	2.000	14.000	0.000	30.000	1.000	31.000	2.000	31.000	19.000	30.000	20.000	28.000	29.000	-1.000	30.000	1.000	39.000	28.000	40.000	30.000	41.000	28.000	49.000	-1.000	50.000	1.000	
0.000	30.000	0.000	30.000	1.000	31.000	2.000	31.000	10.000	22.000	2.000	14.000	0.000	30.000	1.000	31.000	2.000	31.000	19.000	30.000	20.000	28.000	29.000	-1.000	30.000	1.000	39.000	28.000	40.000	30.000	41.000	28.000	49.000	-1.000	50.000	1.000	
0.000	30.000	0.000	30.000	1.000	31.000	2.000	31.000	10.000	22.000	2.000	14.000	0.000	30.000	1.000	31.000	2.000	31.000	19.000	30.000	20.000	28.000	29.000	-1.000	30.000	1.000	39.000	28.000	40.000	30.000	41.000	28.000	49.000	-1.000	50.000	1.000	
0.000	30.000	0.000	30.000	1.000	31.000	2.000	31.000	10.000	22.000	2.000	14.000	0.000	30.000	1.000	31.000	2.000	31.000	19.000	30.000	20.000	28.000	29.000	-1.000	30.000	1.000	39.000	28.000	40.000	30.000	41.000	28.000	49.000	-1.000	50.000	1.000	
0.000	30.000	0.000	30.000	1.000	31.000	2.000	31.000	10.000	22.000	2.000	14.000	0.000	30.000	1.000	31.000	2.000	31.000	19.000	30.000	20.000	28.000	29.000	-1.000	30.000	1.000	39.000	28.000	40.000	30.000	41.000	28.000	49.000	-1.000	50.000	1.000	
0.000	30.000	0.000	30.000	1.000	31.000	2.000	31.000	10.000	22.000	2.000	14.000	0.000	30.000	1.000	31.000	2.000	31.000	19.000	30.000	20.000	28.000	29.000	-1.000	30.000	1.000	39.000	28.000	40.000	30.000	41.000	28.000	49.000	-1.000	50.000	1.000	
0.000	30.000	0.000	30.000	1.000	31.000	2.000	31.000	10.000	22.000	2.000	14.000	0.000	30.000	1.000	31.000	2.000	31.000	19.000	30.000	20.000	28.000	29.000	-1.000	30.000	1.000	39.000	28.000	40.000	30.000	41.000	28.000	49.000	-1.000	50.000	1.000	
-0.000	29.360	-0.000	29.360	1.000	30.360	2.000	30.360	10.000	21.360	2.000	13.360	-0.000	29.360	1.000	30.360	2.000	30.360	19.000	29.360	20.000	27.360	29.000	-1.640	30.000	0.360	39.000	27.360	40.000	29.360	41.000	27.360	49.000	-1.640	50.000	0.360	
-0.000	28.720	-0.000	28.720	1.000	29.720	2.000	29.720	10.000	20.720	2.000	12.720	-0.000	28.720	1.000	29.720	2.000	29.720	19.000	28.720	20.000	26.720	29.000	-2.280	30.000	-0.280	39.000	26.720	40.000	28.720	41.000	26.720	49.000	-2.280	50.000	-0.280	
-0.000	28.080	-0.000	28.080	1.000	29.080	2.000	29.080	10.000	19.440	2.000	11.440	-0.000	27.440	1.000	28.440	2.000	28.440	19.000	27.440	20.000	25.440	29.000	-3.560	30.000	-1.560	39.000	25.440	40.000	27.440	41.000	25.440	49.000	-3.560	50.000	-1.560	
-0.000	26.800	-0.000	26.800	1.000	27.800	2.000	27.800	10.000	18.800	2.000	10.800	-0.000	26.800	1.000	27.800	2.000	27.800	19.000	26.800	20.000	24.800	29.000	-4.200	30.000	-2.200	39.000	24.800	40.000	26.800	41.000	24.800	49.000	-4.200	50.000	-2.200	
-0.000	26.160	-0.000	26.160	1.000	27.160	2.000	27.160	10.000	18.160	2.000	10.160	-0.000	26.160	1.000	27.160	2.000	27.160	19.000	26.160	20.000	24.160	29.000	-4.840	30.000	-2.840	39.000	24.160	40.000	26.160	41.000	24.160	49.000	-4.840	50.000	-2.840	
-0.000	25.520	-0.000	25.520	1.000	26.520	2.000	26.520	10.000	17.520	2.000	9.520	-0.000	25.520	1.000	26.520	2.000	26.520	19.000	25.520	20.000	23.520	29.000	-5.480	30.000	-3.480	39.000	23.520	40.000	25.520	41.000	23.520	49.000	-5.480	50.000	-3.480	
-0.000	24.880	-0.000	24.880	1.000	25.880	2.000	25.880	10.000	16.880	2.000	8.880	-0.000	24.880	1.000	25.880	2.000	25.880	19.000	24.880	20.000	22.880	29.000	-6.120	30.000	-4.120	39.000	22.880	40.000	24.880	41.000	22.880	49.000	-6.120	50.000	-4.120	
-0.000	24.240	-0.000	24.240	1.000	25.240	2.000	25.240	10.000	16.240	2.000	8.240	-0.000	24.240	1.000	25.240	2.000	25.240	19.000	24.240	20.000	22.240	29.000	-6.760	30.000	-4.760	39.000	22.240	40.000	24.240	41.000	22.240	49.000	-6.760	50.000	-4.760	
-0.000	23.600	-0.000	23.600	1.000	24.600	2.000	24.600	10.000	15.600	2.000	7.600	-0.000	23.600	1.000	24.600	2.000	24.600	19.000	23.600	20.000	21.600	29.000	-7.400	30.000	-5.400	39.000	21.600	40.000	23.600	41.000	21.600	49.000	-7.400	50.000	-5.400	
-0.000	22.960	-0.000	22.960	1.000	23.960	2.000	23.960	10.000	14.960	2.000	6.960	-0.000	22.960	1.000	23.960	2.000	23.960	19.000	22.960	20.000	20.960	29.000	-8.040	30.000	-6.040	39.000	20.960	40.000	22.960	41.000	20.960	49.000	-8.040	50.000	-6.040	
-0.000	22.320	-0.000	22.320	1.000	23.320	2.000	23.320	10.000	14.320	2.000	6.320	-0.000	22.320	1.000	23.320	2.000	23.320	19.000	22.320	20.000	20.320	29.000	-8.680	30.000	-6.680	39.000	20.320	40.000	22.320	41.000	20.320	49.000	-8.680	50.000	-6.680	
-0.000	21.680	-0.000	21.680	1.000	22.680	2.000	22.680	10.000	13.680	2.000	5.680	-0.000	21.680	1.000	22.680	2.000	22.680	19.000	21.680	20.000	19.680	29.000	-9.320	30.000	-7.320	39.000	19.680	40.000	21.680	41.000	19.680	49.000	-9.320	50.000	-7.320	
-0.000	21.040	-0.000	21.040	1.000	22.040	2.000	22.040	10.000	13.040	2.000	5.040	-0.000	21.040	1.000	22.040	2.000	22.040	19.000	21.040	20.000	19.040	29.000	-9.960	30.000	-7.960	39.000	19.040	40.000	21.040	41.000	19.040	49.000	-9.960	50.000	-7.960	
-0.000	20.400	-0.000	20.400	1.000	21.400	2.000	21.400	10.000	12.400	2.000	4.400	-0.000	20.400	1.000	21.400	2.000	21.400	19.000	20.400	20.000	18.400	29.000	-10.600	30.000	-8.600	39.000	18.400	40.000	20.400	41.000	18.400	49.000	-10.600	50.000	-8.600	
-0.000	19.760	-0.000	19.760	1.000	20.760	2.000	20.760	10.000	11.760	2.000	3.760	-0.000	19.760	1.000	20.760	2.000	20.760	19.000	19.760	20.000	17.760	29.000	-11.240	30.000	-9.240	39.000	17.760	40.000	19.760	41.000	17.760	49.000	-11.240	50.000	-9.240	
-0.000	19.120	-0.000	19.120	1.000	20.120	2.000	20.120	10.000	11.120	2.000	3.120	-0.000	19.120	1.000	20.120	2.000	20.120	19.000	19.120	20.000	17.120	29.000	-11.880	30.000	-9.880	39.000	17.120	40.000	19.120	41.000	17.120	49.000	-11.880	50.000	-9.880	
-0.000	18.480	-0.000	18.480	1.000	19.480	2.000	19.480	10.000	10.480	2.000	2.480	-0.000	18.480	1.000	19.480	2.000	19.480	19.000	18.480	20.000	16.480	29.000	-12.520	30.000	-10.520	39.000	16.480	40.000	18.480	41.000	16.480	49.000	-12.520	50.000	-10.520	
-0.000	17.840	-0.000	17.840	1.000	18.840	2.000	18.840	10.000	9.840	2.000	1.840	-0.000	17.840	1.000	18.840	2.000	18.840	19.000	17.840	20.000	15.840	29.000	-13.160	30.000	-11.160	39.000	15.840	40.000	17.840	41.000	15.840	49.000	-13.160	50.000	-11.160	
-0.000	17.200	-0.000	17.200	1.000	18.200	2.000	18.200	10.000	9.200	2.000	1.200	-0.000	17.200	1.000	18.200	2.000	18.200	19.000	17.200	20.000	15.200	29.000	-13.800	30.000	-11.800	39.000	15.200	40.000	17.200	41.000	15.200	49.000	-13.800	50.000	-11.800	
-0.000	16.560	-0.000	16.560	1.000	17.560	2.000	17.560	10.000	8.560	2.000	0.560	-0.000	16.560	1.000	17.560	2.000	17.560	19.000	16.560	20.000	14.560	29.000	-14.440	30.000	-12.440	39.000	14.560	40.000	16.560	41.000	14.560	49.000	-14.440	50.000	-12.440	
-0.000	15.920	-0.000	15.920	1.000	16.920	2.000	16.920	10.000	7.920	2.000	-0.080	-0.000	15.920	1.000	16.920	2.000	16.920	19.000	15.920	20.000	13.920	29.000	-15.080	30.000	-13.080	39.000	13.920	40.000	15.920	41.000	13.920	49.000	-15.080	50.000	-13.080	
-0.000	15.280	-0.000	15.280	1.000	16.280	2.000	16.280	10.000	7.280	2.000	-0.720	-0.000	15.280	1.000	16.280	2.000	16.280	19.000	15.280	20.000	13.280	29.000	-15.720	30.000	-13.720	39.000	13.280	40.000	15.280	41.000	13.280	49.000	-15.720	50.000	-13.720	
-0.000	14.640	-0.000	14.640	1.000	15.640	2.000	15.640	10.000	6.640	2.000	-1.360	-0.000	14.640	1.000	15.640	2.000	15.640	19.000	14.640	20.000	12.640	29.000	-16.360	30.000	-14.360	39.000	12.640	40.000	14.640	41.000	12.640	49.000	-16.360	50.000	-14.360	
-0.000	14.000	-0.000	14.000	1.000	15.000	2.000	15.000	10.000	6.000	2.000	-2.000	-0.000	14.000	1.000	15.000	2.000	15.000	19.000	14.000	20.000	12.000	29.000	-17.000	30.000	-15.000	39.000	12.000	40.000	14.000	41.000	12.000	49.000	-17.000	50.000	-15.000	
-0.000	13.360	-0.000	13.360	1.000	14.360	2.000	14.360	10.000	5.360	2.000	-2.640	-0.000	13.360	1.000	14.360	2.000	14.360	19.000	13.360	20.000	11.360	29.000	-17.640	30.000	-15.640	39.000	11.360	40.000	13.360	41.000	11.360	49.000	-17.640	50.000	-15.640	
-0.000	12.720	-0.000	12.720	1.000	13.720	2.000	13.720	10.000	4.720	2.000	-3.280	-0.000	12.720	1.000	13.720	2.000	13.720	19.000	12.720	20.000	10.720	29.000	-18.280	30.000	-16.280	39.000	10.720	40.000	12.720	41.000	10.720	49.000	-18.280	50.000	-16.280	
-0.000	11.440	-0.000	11.440	1.000	12.440	2.000	12.440	10.000	3.440	2.000	-4.560	-0.000	11.440	1.000	12.440	2.000	12.440	19.000	11.440	20.000	9.440	29.000	-19.560	30.000	-17.560	39.000	9.440	40.000	11.440	41.000	9.440	49.000	-19.560	50.000	-17.560	
-0.000	10.800	-0.000	10.800	1.000	11.800	2.000	11.800	10.000	2.800	2.000	-5.200	-0.000	10.800	1.000	11.800	2.000	11.800	19.000	10.800	20.000	8.800	29.000	-20.200	30.000	-18.200	39.000	8.800	40.000	10.800	41.000	8.800	49.000	-20.200	50.000	-18.200	
-0.000	10.160	-0.000	10.160	1.000	11.160	2.000	11.160	10.000	2.160	2.000	-5.840	-0.000	10.160	1.000	11.160	2.000	11.160	19.000	10.160	20.000	8.160	29.000	-20.840	30.000	-18.840	39.000	8.160	40.000	10.160	41.000	8.160	49.000	-20.840	50.000	-18.840	
-0.000	9.520	-0.000	9.520	1.000	10.520	2.000	10.520	10.000	1.520	2.000	-6.480	-0.000	9.520	1.000	10.520	2.000	10.520	19.000	9.520	20.000	7.520	29.000	-21.480	30.000	-19.480	39.000	7.520	40.000	9.520	41.000	7.520	49.000	-21.480	50.000	-19.480	
-0.000	8.880	-0.000	8.880	1.000	9.880	2.000	9.880	10.000	0.880	2.000	-7.120	-0.000	8.880	1.000	9.880	2.000	9.880	19.000	8.880	20.000	6.880	29.000	-22.120	30.000	-20.120	39.000	6.880	40.000	8.880	41.000	6.880	49.000	-22.120	50.000	-20.120	
-0.000	8.240	-0.000	8.240	1.000	9.240	2.000	9.240	10.000	0.240	2.000	-7.760	-0.000	8.240	1.000	9.240	2.000	9.240	19.000	8.240	20.000	6.240	29.000	-22.760	30.000	-20.760	39.000	6.240	40.000	8.240	41.000	6.240	49.000	-22.760	50.000	-20.760	
-0.000	7.600	-0.000	7.600	1.000	8.600	2.000	8.600	10.000	-0.400	2.000	-8.400	-0.000	7.600	1.000	8.600	2.000	8.600	19.000	7.600	20.000	5.600	29.000	-23.400	30.000	-21.400	39.000	5.600	40.000	7.600	41.000	5.600	49.000	-23.400	50.000	-21.400	
-0.000	6.960	-0.000	6.960	1.000	7.960	2.000	7.960	10.000	-1.040	2.000	-9.040	-0.000	6.960	1.000	7.960	2.000	7.960	19.000	6.960	20.000	4.960	29.000	-24.040	30.000	-22.040	39.000	4.960	40.000	6.960	41.000	4.960	49.000	-24.040	50.000	-22.040	
-0.000	6.320	-0.000	6.320	1.000	7.320	2.000	7.320	10.000	-1.680	2.000	-9.680	-0.000	6.320	1.000	7.320	2.000	7.320	19.000	6.320	20.000	4.320	29.000	-24.680	30.000	-22.680	39.000	4.320	40.000	6.320	41.000	4.320	49.000	-24.680	50.000	-22.680	
-0.000	5.680	-0.000	5.680	1.000	6.680	2.000	6.680	10.000	-2.320	2.000	-10.320	-0.000	5.680	1.000	6.680	2.000	6.680	19.000	5.680	20.000	3.680	29.000	-25.320	30.000	-23.320	39.000	3.680	40.000	5.680	41.000	3.680	49.000	-25.320	50.000	-23.320	
-0.000	5.040	-0.000	5.040	1.000	6.040	2.000	6.040	10.000	-2.960	2.000	-10.960	-0.000	5.040	1.000	6.040	2.000	6.040	19.000	5.040	20.000	3.040	29.000	-25.960	30.000	-23.960	39.000	3.040	40.000	5.040	41.000	3.040	49.000	-25.960	50.000	-23.960	
-0.000	4.400	-0.000	4.400	1.000	5.400	2.000	5.400	10.000	-3.600	2.000	-11.600	-0.000	4.400	1.000	5.400	2.000	5.400	19.000	4.400	20.000	2.400	29.000	-26.600	30.000	-24.600	39.000	2.400	40.000	4.400	41.000	2.400	49.000	-26.600	50.000	-24.600	
-0.000	3.760	-0.000	3.760	1.000	4.760	2.000	4.760	10.000	-4.240	2.000	-12.240	-0.000	3.760	1.000	4.760	2.000	4.760	19.000	3.760	20.000	1.760	29.000	-27.240	30.000	-25.240	39.000	1.760	40.000	3.760	41.000	1.760	49.000	-27.240	50.000	-25.240	
-0.000	3.158	-0.000	3.158	1.000	4.158	2.000	4.158	10.000	-4.842	2.000	-12.842	-0.000	3.158	1.000	4.158	2.000	4.158	19.000	3.158	20.000	1.158	29.000	-27.842	30.000	-25.842	39.000	1.158	40.000	3.158	41.000	1.158	49.000	-27.842	50.000	-25.842	
-0.000	2.653	-0.000	2.653	1.000	3.653	2.000	3.653	10.000	-5.347	2.000	-13.347	-0.000	2.653	1.000	3.653	2.000	3.653	19.000	2.653	20.000	0.653	29.000	-28.347	30.000	-26.347	39.000	0.653	40.000	2.653	41.000	0.653	49.000	-28.347	50.000	-26.347	
-0.000	2.229	-0.000	2.229	1.000	3.229	2.000	3.229	10.000	-5.771	2.000	-13.771	-0.000	2.229	1.000	3.229	2.000	3.229	19.000	2.229	20.000	0.229	29.000	-28.771	30.000	-26.771	39.000	0.229	40.000	2.229	41.000	0.229	49.000	-28.771	50.000	-26.771	
-0.000	1.872	-0.000	1.872	1.000	2.872	2.000	2.872	10.000	-6.128	2.000	-14.128	-0.000	1.872	1.000	2.872	2.000	2.872	19.000	1.872	20.000	-0.128	29.000	-29.128	30.000	-27.128	39.000	-0.128	40.000	1.872	41.000	-0.128	49.000	-29.128	50.000	-27.128	
-0.000	1.572	-0.000	1.572	1.000	2.572	2.000	2.572	10.000	-6.428	2.000	-14.428	-0.000	1.572	1.000	2.572	2.000	2.572	19.000	1.572	20.000	-0.428	29.000	-29.428	30.000	-27.428	39.000	-0.428	40.000	1.572	41.000	-0.428	49.000	-29.428	50.000	-27.428	
-0.000	1.321	-0.000	1.321	1.000	2.321	2.000	2.321	10.000	-6.679	2.000	-14.679	-0.000	1.321	1.000	2.321	2.000	2.321	19.000	1.321	20.000	-0.679	29.000	-29.679	30.000	-27.679	39.000	-0.679	40.000	1.321	41.000	-0.679	49.000	-29.679	50.000	-27.679	
-0.000	1.110	-0.000	1.110	1.000	2.110	2.000	2.110	10.000	-6.890	2.000	-14.890	-0.000	1.110	1.000	2.110	2.000	2.110	19.000	1.110	20.000	-0.890	29.000	-29.890	30.000	-27.890	39.000	-0.890	40.000	1.110	41.000	-0.890	49.000	-29.890	50.000	-27.890	
-0.000	0.932	-0.000	0.932	1.000	1.932	2.000	1.932	10.000	-7.068	2.000	-15.068	-0.000	0.932	1.000	1.932	2.000	1.932	19.000	0.932	20.000	-1.068	29.000	-30.068	30.000	-28.068	39.000	-1.068	40.000	0.932	41.000	-1.068	49.000	-30.068	50.000	-28.068	
-0.000	0.783	-0.000	0.783	1.000	1.783	2.000	1.783	10.000	-7.217	2.000	-15.217	-0.000	0.783	1.000	1.783	2.000	1.783	19.000	0.783	20.000	-1.217	29.000	-30.217	30.000	-28.217	39.000	-1.217	40.000	0.783	41.000	-1.217	49.000	-30.217	50.000	-28.217	
-0.000	0.658	-0.000	0.658	1.000	1.658	2.000	1.658	10.000	-7.342	2.000	-15.342	-0.000	0.658	1.000	1.658	2.000	1.658	19.000	0.658	20.000	-1.342	29.000	-30.342	30.000	-28.342	39.000	-1.342	40.000	0.658	41.000	-1.342	49.000	-30.342	50.000	-28.342	
-0.000	0.552	-0.000	0.552	1.000	1.552	2.000	1.552	10.000	-7.448	2.000	-15.448	-0.000	0.552	1.000	1.552	2.000	1.552	19.000	0.552	20.000	-1.448	29.000	-30.448	30.000	-28.448	39.000	-1.448	40.000	0.552	41.000	-1.448	49.000	-30.448	50.000	-28.448	
-0.000	0.359	-0.000	0.359	1.000	1.359	2.000	1.359	10.000	-7.641	2.000	-15.641	-0.000	0.359	1.000	1.359	2.000	1.359	19.000	0.359	20.000	-1.641	29.000	-30.641	30.000	-28.641	39.000	-1.641	40.000	0.359	41.000	-1.641	49.000	-30.641	50.000	-28.641	
-0.000	0.301	-0.000	0.301	1.000	1.301	2.000	1.301	10.000	-7.699	2.000	-15.699	-0.000	0.301	1.000	1.301	2.000	1.301	19.000	0.301	20.000	-1.699	29.000	-30.699	30.000	-28.699	39.000	-1.699	40.000	0.301	41.000	-1.699	49.000	-30.699	50.000	-28.699	
-0.000	0.253	-0.000	0.253	1.000	1.253	2.000	1.253	10.000	-7.747	2.000	-15.747	-0.000	0.253	1.000	1.253	2.000	1.253	19.000	0.253	20.000	-1.747	29.000	-30.747	30.000	-28.747	39.000	-1.747	40.000	0.253	41.000	-1.747	49.000	-30.747	50.000	-28.747	
-0.000	0.213	-0.000	0.213	1.000	1.213	2.000	1.213	10.000	-7.787	2.000	-15.787	-0.000	0.213	1.000	1.213	2.000	1.213	19.000	0.213	20.000	-1.787	29.000	-30.787	30.000	-28.787	39.000	-1.787	40.000	0.213	41.000	-1.787	49.000	-30.787	50.000	-28.787	
-0.000	0.179	-0.000	0.179	1.000	1.179	2.000	1.179	10.000	-7.821	2.000	-15.821	-0.000	0.179	1.000	1.179	2.000	1.179	19.000	0.179	20.000	-1.821	29.000	-30.821	30.000	-28.821	39.000	-1.821	40.000	0.179	41.000	-1.821	49.000	-30.821	50.000	-28.821	
-0.000	0.150	-0.000	0.150	1.000	1.150	2.000	1.150	10.000	-7.850	2.000	-15.850	-0.000	0.150	1.000	1.150	2.000	1.150	19.000	0.150	20.000	-1.850	29.000	-30.850	30.000	-28.850	39.000	-1.850	40.000	0.150	41.000	-1.850	49.000	-30.850	50.000	-28.850	
-0.000	0.126	-0.000	0.126	1.000	1.126	2.000	1.126	10.000	-7.874	2.000	-15.874	-0.000	0.126	1.000	1.126	2.000	1.126	19.000	0.126	20.000	-1.874	29.000	-30.874	30.000	-28.874	39.000	-1.874	40.000	0.126	41.000	-1.874	49.000	-30.874	50.000	-28.874	
-0.000	0.106	-0.000	0.106	1.000	1.106	2.000	1.106	10.000	-7.894	2.000	-15.894	-0.000	0.106	1.000	1.106	2.000	1.106	19.000	0.106	20.000	-1.894	29.000	-30.894	30.000	-28.894	39.000	-1.894	40.000	0.106	41.000	-1.894	49.000	-30.894	50.000	-28.894	
-0.000	0.089	-0.000	0.089	1.000	1.089	2.000	1.089	10.000	-7.911	2.000	-15.911	-0.000	0.089	1.000	1.089	2.000	1.089	19.000	0.089	20.000	-1.911	29.000	-30.911	30.000	-28.911	39.000	-1.911	40.000	0.089	41.000	-1.911	49.000	-30.911	50.000	-28.911	
-0.000	0.075	-0.000	0.075	1.000	1.075	2.000	1.075	10.000	-7.925	2.000	-15.925	-0.000	0.075	1.000	1.075	2.000	1.075	19.000	0.075	20.000	-1.925	29.000	-30.925	30.000	-28.925	39.000	-1.925	40.000	0.075	41.000	-1.925	49.000	-30.925	50.000	-28.925	
-0.000	0.063	-0.000	0.063	1.000	1.063	2.000	1.063	10.000	-7.937	2.000	-15.937	-0.000	0.063	1.000	1.063	2.000	1.063	19.000	0.063	20.000	-1.937	29.000	-30.937	30.000	-28.937	39.000	-1.937	40.000	0.063	41.000	-1.937	49.000	-30.937	50.000	-28.937	
0.000	0.053	0.000	0.053	1.000	1.053	2.000	1.053	10.000	-7.947	2.000	-15.947	0.000	0.053	1.000	1.053	2.000	1.053	19.000	0.053	20.000	-1.947	29.000	-30.947	30.000	-28.947	39.000	-1.947	40.000	0.053	41.000	-1.947	49.000	-30.947	50.000	-28.947	
0.000	0.044	0.000	0.044	1.000	1.044	2.000	1.044	10.000	-7.956	2.000	-15.956	0.000	0.044	1.000	1.044	2.000	1.044	19.000	0.044	20.000	-1.956	29.000	-30.956	30.000	-28.956	39.000	-1.956	40.000	0.044	41.000	-1.956	49.000	-30.956	50.000	-28.956	
0.000	0.037	0.000	0.037	1.000	1.037	2.000	1.037	10.000	-7.963	2.000	-15.963	0.000	0.037	1.000	1.037	2.000	1.037	19.000	0.037	20.000	-1.963	29.000	-30.963	30.000	-28.963	39.000	-1.963	40.000	0.037	41.000	-1.963	49.000	-30.963	50.000	-28.963	
0.000	0.031	0.000	0.031	1.000	1.031	2.000	1.031	10.000	-7.969	2.000	-15.969	0.000	0.031	1.000	1.031	2.000	1.031	19.000	0.031	20.000	-1.969	29.000	-30.969	30.000	-28.969	39.000	-1.969	40.000	0.031	41.000	-1.969	49.000	-30.969	50.000	-28.969	
0.000	0.026	0.000	0.026	1.000	1.026	2.000	1.026	10.000	-7.974	2.000	-15.974	0.000	0.026	1.000	1.026	2.000	1.026	19.000	0.026	20.000	-1.974	29.000	-30.974	30.000	-28.974	39.000	-1.974	40.000	0.026	41.000	-1.974	49.000	-30.974	50.000	-28.974	
0.000	0.022	0.000	0.022	1.000	1.022	2.000	1.022	10.000	-7.978	2.000	-15.978	0.000	0.022	1.000	1.022	2.000	1.022	19.000	0.022	20.000	-1.978	29.000	-30.978	30.000	-28.978	39.000	-1.978	40.000	0.022	41.000	-1.978	49.000	-30.978	50.000	-28.978	
