dx		dy		dx0		dy0		dx1		dy1		dx2		dy2		dx3		dy3		dx4		dy4		dx5		dy5		dx6		dy6		dx7		dy7		dx8		dy8		dx9		dy9		dx10		dy10		dx11		dy11		dx12		dy12		dx13		dy13		dx14		dy14		dx15		dy15		dx16		dy16		dx17		dy17		dx18		dy18		dx19		dy19		dx20		dy20		dx21		dy211.000	1.019	0.000	0.019	1.000	1.019	2.000	1.019	10.000	-7.981	2.000	-15.981	0.000	0.019	1.000	1.019	2.000	1.019	19.000	0.019	20.000	-1.981	29.000	-30.981	30.000	-28.981	39.000	-1.981	40.000	0.019	41.000	-1.981	49.000	-30.981	50.000	-28.981	
0.944	0.797	-0.056	-0.203	0.944	0.797	1.944	0.797	9.944	-8.203	1.944	-16.203	-0.056	-0.203	0.944	0.797	1.944	0.797	18.944	-0.203	19.944	-2.203	28.944	-31.203	29.944	-29.203	38.944	-2.203	39.944	-0.203	40.944	-2.203	48.944	-31.203	49.944	-29.203	
0.858	0.619	-0.142	-0.381	0.858	0.619	1.858	0.619	9.858	-8.381	1.858	-16.381	-0.142	-0.381	0.858	0.619	1.858	0.619	18.858	-0.381	19.858	-2.381	28.858	-31.381	29.858	-29.381	38.858	-2.381	39.858	-0.381	40.858	-2.381	48.858	-31.381	49.858	-29.381	
0.762	0.480	-0.238	-0.520	0.762	0.480	1.762	0.480	9.762	-8.520	1.762	-16.520	-0.238	-0.520	0.762	0.480	1.762	0.480	18.762	-0.520	19.762	-2.520	28.762	-31.520	29.762	-29.520	38.762	-2.520	39.762	-0.520	40.762	-2.520	48.762	-31.520	49.762	-29.520	
0.665	0.373	-0.335	-0.627	0.665	0.373	1.665	0.373	9.665	-8.627	1.665	-16.627	-0.335	-0.627	0.665	0.373	1.665	0.373	18.665	-0.627	19.665	-2.627	28.665	-31.627	29.665	-29.627	38.665	-2.627	39.665	-0.627	40.665	-2.627	48.665	-31.627	49.665	-29.627	
0.574	0.291	-0.426	-0.709	0.574	0.291	1.574	0.291	9.574	-8.709	1.574	-16.709	-0.426	-0.709	0.574	0.291	1.574	0.291	18.574	-0.709	19.574	-2.709	28.574	-31.709	29.574	-29.709	38.574	-2.709	39.574	-0.709	40.574	-2.709	48.574	-31.709	49.574	-29.709	
0.492	0.229	-0.508	-0.771	0.492	0.229	1.492	0.229	9.492	-8.771	1.492	-16.771	-0.508	-0.771	0.492	0.229	1.492	0.229	18.492	-0.771	19.492	-2.771	28.492	-31.771	29.492	-29.771	38.492	-2.771	39.492	-0.771	40.492	-2.771	48.492	-31.771	49.492	-29.771	
0.344	0.139	-0.656	-0.861	0.344	0.139	1.344	0.139	9.344	-8.861	1.344	-16.861	-0.656	-0.861	0.344	0.139	1.344	0.139	18.344	-0.861	19.344	-2.861	28.344	-31.861	29.344	-29.861	38.344	-2.861	39.344	-0.861	40.344	-2.861	48.344	-31.861	49.344	-29.861	
0.291	0.112	-0.709	-0.888	0.291	0.112	1.291	0.112	9.291	-8.888	1.291	-16.888	-0.709	-0.888	0.291	0.112	1.291	0.112	18.291	-0.888	19.291	-2.888	28.291	-31.888	29.291	-29.888	38.291	-2.888	39.291	-0.888	40.291	-2.888	48.291	-31.888	49.291	-29.888	
0.246	0.091	-0.754	-0.909	0.246	0.091	1.246	0.091	9.246	-8.909	1.246	-16.909	-0.754	-0.909	0.246	0.091	1.246	0.091	18.246	-0.909	19.246	-2.909	28.246	-31.909	29.246	-29.909	38.246	-2.909	39.246	-0.909	40.246	-2.909	48.246	-31.909	49.246	-29.909	
0.207	0.074	-0.793	-0.926	0.207	0.074	1.207	0.074	9.207	-8.926	1.207	-16.926	-0.793	-0.926	0.207	0.074	1.207	0.074	18.207	-0.926	19.207	-2.926	28.207	-31.926	29.207	-29.926	38.207	-2.926	39.207	-0.926	40.207	-2.926	48.207	-31.926	49.207	-29.926	
0.175	0.061	-0.825	-0.939	0.175	0.061	1.175	0.061	9.175	-8.939	1.175	-16.939	-0.825	-0.939	0.175	0.061	1.175	0.061	18.175	-0.939	19.175	-2.939	28.175	-31.939	29.175	-29.939	38.175	-2.939	39.175	-0.939	40.175	-2.939	48.175	-31.939	49.175	-29.939	
0.147	0.050	-0.853	-0.950	0.147	0.050	1.147	0.050	9.147	-8.950	1.147	-16.950	-0.853	-0.950	0.147	0.050	1.147	0.050	18.147	-0.950	19.147	-2.950	28.147	-31.950	29.147	-29.950	38.147	-2.950	39.147	-0.950	40.147	-2.950	48.147	-31.950	49.147	-29.950	
0.124	0.041	-0.876	-0.959	0.124	0.041	1.124	0.041	9.124	-8.959	1.124	-16.959	-0.876	-0.959	0.124	0.041	1.124	0.041	18.124	-0.959	19.124	-2.959	28.124	-31.959	29.124	-29.959	38.124	-2.959	39.124	-0.959	40.124	-2.959	48.124	-31.959	49.124	-29.959	
0.104	0.034	-0.896	-0.966	0.104	0.034	1.104	0.034	9.104	-8.966	1.104	-16.966	-0.896	-0.966	0.104	0.034	1.104	0.034	18.104	-0.966	19.104	-2.966	28.104	-31.966	29.104	-29.966	38.104	-2.966	39.104	-0.966	40.104	-2.966	48.104	-31.966	49.104	-29.966	
0.088	0.028	-0.912	-0.972	0.088	0.028	1.088	0.028	9.088	-8.972	1.088	-16.972	-0.912	-0.972	0.088	0.028	1.088	0.028	18.088	-0.972	19.088	-2.972	28.088	-31.972	29.088	-29.972	38.088	-2.972	39.088	-0.972	40.088	-2.972	48.088	-31.972	49.088	-29.972	
0.074	0.024	-0.926	-0.976	0.074	0.024	1.074	0.024	9.074	-8.976	1.074	-16.976	-0.926	-0.976	0.074	0.024	1.074	0.024	18.074	-0.976	19.074	-2.976	28.074	-31.976	29.074	-29.976	38.074	-2.976	39.074	-0.976	40.074	-2.976	48.074	-31.976	49.074	-29.976	
0.062	0.020	-0.938	-0.980	0.062	0.020	1.062	0.020	9.062	-8.980	1.062	-16.980	-0.938	-0.980	0.062	0.020	1.062	0.020	18.062	-0.980	19.062	-2.980	28.062	-31.980	29.062	-29.980	38.062	-2.980	39.062	-0.980	40.062	-2.980	48.062	-31.980	49.062	-29.980	
0.052	0.016	-0.948	-0.984	0.052	0.016	1.052	0.016	9.052	-8.984	1.052	-16.984	-0.948	-0.984	0.052	0.016	1.052	0.016	18.052	-0.984	19.052	-2.984	28.052	-31.984	29.052	-29.984	38.052	-2.984	39.052	-0.984	40.052	-2.984	48.052	-31.984	49.052	-29.984	
0.044	0.014	-0.956	-0.986	0.044	0.014	1.044	0.014	9.044	-8.986	1.044	-16.986	-0.956	-0.986	0.044	0.014	1.044	0.014	18.044	-0.986	19.044	-2.986	28.044	-31.986	29.044	-29.986	38.044	-2.986	39.044	-0.986	40.044	-2.986	48.044	-31.986	49.044	-29.986	
0.037	0.012	-0.963	-0.988	0.037	0.012	1.037	0.012	9.037	-8.988	1.037	-16.988	-0.963	-0.988	0.037	0.012	1.037	0.012	18.037	-0.988	19.037	-2.988	28.037	-31.988	29.037	-29.988	38.037	-2.988	39.037	-0.988	40.037	-2.988	48.037	-31.988	49.037	-29.988	
0.031	0.010	-0.969	-0.990	0.031	0.010	1.031	0.010	9.031	-8.990	1.031	-16.990	-0.969	-0.990	0.031	0.010	1.031	0.010	18.031	-0.990	19.031	-2.990	28.031	-31.990	29.031	-29.990	38.031	-2.990	39.031	-0.990	40.031	-2.990	48.031	-31.990	49.031	-29.990	
0.026	0.008	-0.974	-0.992	0.026	0.008	1.026	0.008	9.026	-8.992	1.026	-16.992	-0.974	-0.992	0.026	0.008	1.026	0.008	18.026	-0.992	19.026	-2.992	28.026	-31.992	29.026	-29.992	38.026	-2.992	39.026	-0.992	40.026	-2.992	48.026	-31.992	49.026	-29.992	
0.022	0.007	-0.978	-0.993	0.022	0.007	1.022	0.007	9.022	-8.993	1.022	-16.993	-0.978	-0.993	0.022	0.007	1.022	0.007	18.022	-0.993	19.022	-2.993	28.022	-31.993	29.022	-29.993	38.022	-2.993	39.022	-0.993	40.022	-2.993	48.022	-31.993	49.022	-29.993	
